0, 1, 2, 3, 4, 5, 6, 7, 8, 9, 10, 11, 12, 13, 14, 15, 16, 17, 18, 19, 20, 21, 22, 23, 24, 25, 26, 27, 28, 29, 30, 31, 32, 33, 34, 35, 36, 37, 38, 39, 40, 41, 42, 43, 44, 45, 46, 47, 48, 49, 50, 51, 52, 53, 54, 55, 56, 57, 58, 59, 60, 61, 62, 63, 64, 65, 66, 67, 68, 69, 70, 71, 72, 73, 74, 75, 76, 77, 78, 79, 80, 81, 82, 83, 84, 85, 86, 87, 88, 89, 90, 91, 92, 93, 94, 95, 96, 97, 98, 99, 100, 101, 102, 103, 104, 105, 106, 107, 108, 109, 110, 111, 112, 113, 114, 115, 116, 117, 118, 119, 120, 121, 122, 123, 124, 125, 126, 127, 128, 129, 130, 131, 132, 133, 134, 135, 136, 137, 138, 139, 140, 141, 142, 143, 144, 145, 146, 147, 148, 149, 150, 151, 152, 153, 154, 155, 156, 157, 158, 159, 160, 161, 162, 163, 164, 165, 166, 167, 168, 169, 170, 171, 172, 173, 174, 175, 176, 177, 178, 179, 180, 181, 182, 183, 184, 185, 186, 187, 188, 189, 190, 191, 192, 193, 194, 195, 196, 197, 198, 199, 200, 201, 202, 203, 204, 205, 206, 207, 208, 209, 210, 211, 212, 213, 214, 215, 216, 217, 218, 219, 220, 221, 222, 223, 224, 225, 226, 227, 228, 229, 230, 231, 232, 233, 234, 235, 236, 237, 238, 239, 240, 241, 242, 243, 244, 245, 246, 247, 248, 249, 250, 251, 252, 253, 254, 255, 256, 257, 258, 259, 260, 261, 262, 263, 264, 265, 266, 267, 268, 269, 270, 271, 272, 273, 274, 275, 276, 277, 278, 279, 280, 281, 282, 283, 284, 285, 286, 287, 288, 289, 290, 291, 292, 293, 294, 295, 296, 297, 298, 299, 300, 301, 302, 303, 304, 305, 306, 307, 308, 309, 310, 311, 312, 313, 314, 315, 316, 317, 318, 319, 320, 321, 322, 323, 324, 325, 326, 327, 328, 329, 330, 331, 332, 333, 334, 335, 336, 337, 338, 339, 340, 341, 342, 343, 344, 345, 346, 347, 348, 349, 350, 351, 352, 353, 354, 355, 356, 357, 358, 359, 360, 361, 362, 363, 364, 365, 366, 367, 368, 369, 370, 371, 372, 373, 374, 375, 376, 377, 378, 379, 380, 381, 382, 383, 384, 385, 386, 387, 388, 389, 390, 391, 392, 393, 394, 395, 396, 397, 398, 399, 400, 401, 402, 403, 404, 405, 406, 407, 408, 409, 410, 411, 412, 413, 414, 415, 416, 417, 418, 419, 420, 421, 422, 423, 424, 425, 426, 427, 428, 429, 430, 431, 432, 433, 434, 435, 436, 437, 438, 439, 440, 441, 442, 443, 444, 445, 446, 447, 448, 449, 450, 451, 452, 453, 454, 455, 456, 457, 458, 459, 460, 461, 462, 463, 464, 465, 466, 467, 468, 469, 470, 471, 472, 473, 474, 475, 476, 477, 478, 479, 480, 481, 482, 483, 484, 485, 486, 487, 488, 489, 490, 491, 492, 493, 494, 495, 496, 497, 498, 499
A,B,C,D,E,F,G,H,I,J,K,L,M,N,O,P,Q,R,S,T,U,V,W,X,Y,Z,-+-+-+-+-
(452,194,181,384) : 1
(1,417,240,223) : 1
(9,382,390,436) : 1
(2,317,117,183) : 1
(264,56,124,30) : 1
(13,175,172,161) : 1
(147,157,218,459) : 1
(391,66,59,49) : 1
(180,157,121,176) : 1
(249,4,29,10) : 1
(183,66,189,59) : 1
(124,50,431,123) : 1
(61,165,321,242) : 1
(175,42,397,59) : 1
(315,412,251,41) : 1
(21,5,2,3) : 1
(489,422,17,63) : 1
(304,397,439,74) : 1
(266,185,311,411) : 1
(416,335,283,432) : 1
(154,183,29,470) : 1
(234,146,127,260) : 1
(132,203,144,47) : 1
(84,427,182,86) : 1
(62,152,271,5) : 1
(97,131,66,74) : 1
(76,129,254,315) : 1
(204,84,324,435) : 1
(13,2,17,48) : 1
(76,8,70,47) : 1
(226,198,50,453) : 1
(198,258,11,425) : 1
(400,252,147,208) : 1
(7,124,57,212) : 1
(264,123,62,56) : 1
(236,81,160,499) : 1
(30,59,112,23) : 1
(281,97,108,264) : 1
(405,107,93,145) : 1
(138,451,62,175) : 1
(30,45,357,51) : 1
(185,175,59,48) : 1
(7,311,62,161) : 1
(411,274,80,292) : 1
(311,366,95,198) : 1
(66,123,126,97) : 1
(109,287,229,49) : 1
(178,218,65,278) : 1
(7,1,0,45) : 1
(446,229,325,306) : 1
(258,181,85,416) : 1
(445,18,71,455) : 1
(339,94,11,277) : 1
(464,411,431,368) : 1
(372,48,311,99) : 1
(384,315,372,97) : 1
(175,40,311,108) : 1
(4,142,7,165) : 1
(266,13,367,1) : 1
(196,176,311,159) : 1
(35,162,242,40) : 1
(116,83,394,59) : 1
(107,356,341,257) : 1
(47,401,19,463) : 1
(181,327,5,409) : 1
(19,24,26,73) : 1
(90,116,415,74) : 1
(377,91,0,8) : 1
(101,77,110,17) : 1
(277,97,28,400) : 1
(40,33,16,17) : 1
(387,17,5,296) : 1
(234,256,460,216) : 1
(215,304,334,303) : 1
(11,266,315,200) : 1
(109,96,71,105) : 1
(38,28,48,0) : 1
(36,178,130,33) : 1
(206,31,17,21) : 1
(66,97,62,40) : 1
(315,490,462,397) : 1
(389,100,69,105) : 1
(189,453,400,66) : 1
(489,183,199,53) : 1
(207,6,122,16) : 1
(199,60,87,179) : 1
(219,476,440,260) : 1
(0,299,259,77) : 1
(11,185,362,16) : 1
(391,336,373,123) : 1
(490,237,207,395) : 1
(11,176,66,59) : 1
(277,123,108,124) : 1
(400,354,241,127) : 1
(198,337,57,269) : 1
(148,469,296,33) : 1
(70,26,32,21) : 1
(372,56,339,304) : 1
(175,255,282,294) : 1
(218,356,493,150) : 1
(311,112,130,172) : 1
(484,152,360,153) : 1
(15,7,21,34) : 1
(151,150,296,260) : 1
(186,83,308,152) : 1
(138,59,48,97) : 1
(159,305,410,214) : 1
(138,311,451,112) : 1
(327,29,7,128) : 1
(3,258,4,100) : 1
(277,273,123,203) : 1
(226,187,434,415) : 1
(35,360,438,3) : 1
(30,80,333,14) : 1
(85,17,21,165) : 1
(175,62,161,40) : 1
(226,59,73,2) : 1
(311,278,416,11) : 1
(16,90,31,185) : 1
(175,391,304,453) : 1
(175,103,138,133) : 1
(63,14,19,24) : 1
(278,7,40,6) : 1
(87,298,302,306) : 1
(62,108,161,2) : 1
(119,382,431,454) : 1
(47,65,164,145) : 1
(489,478,377,109) : 1
(104,27,46,11) : 1
(109,7,5,12) : 1
(122,459,74,40) : 1
(59,99,108,161) : 1
(30,11,266,372) : 1
(59,48,274,159) : 1
(281,412,63,2) : 1
(128,91,2,16) : 1
(102,402) : 1
(290,396,175,283) : 1
(85,375,224,413) : 1
(175,40,215,42) : 1
(189,48,62,133) : 1
(60,85,307,387) : 1
(397,8,85,131) : 1
(56,40,17,59) : 1
(40,490,237,207) : 1
(392,464,336,373) : 1
(51,52,67,19) : 1
(103,112,274,311) : 1
(425,453,400,209) : 1
(187,425,185,39) : 1
(5,1,60,18) : 1
(59,264,61,16) : 1
(37,484,0,82) : 1
(98,11,185,59) : 1
(123,5,390,485) : 1
(233,359,65,34) : 1
(395,361) : 1
(2,101,146,71) : 1
(409,459,83,66) : 1
(454,436,81,30) : 1
(392,423,2,203) : 1
(258,236,145,427) : 1
(23,93,217,118) : 1
(21,20,72,313) : 1
(131,59,98,294) : 1
(397,270,300,94) : 1
(87,370,0,194) : 1
(319,171,490,269) : 1
(190,2,453,66) : 1
(42,39,50,273) : 1
(38,456,433,37) : 1
(2,66,7,59) : 1
(209,203,339,66) : 1
(40,123,59,133) : 1
(198,400,88,118) : 1
(46,280,43,6) : 1
(400,175,189,59) : 1
(462,4,450,60) : 1
(226,412,124,262) : 1
(62,356,309,199) : 1
(93,64,23,21) : 1
(127,237,484,64) : 1
(74,160,282,57) : 1
(82,188,440,165) : 1
(16,416,435,62) : 1
(156,14,400,220) : 1
(92,223,1,0) : 1
(4,91,157,283) : 1
(123,59,372,97) : 1
(15,7,161,2) : 1
(11,6,18,14) : 1
(266,270,281,397) : 1
(160,294,142,120) : 1
(290,168,93,25) : 1
(59,292,21,354) : 1
(358,93,395,29) : 1
(209,154,333,183) : 1
(80,74,57,265) : 1
(462,333,206,116) : 1
(339,16,209,371) : 1
(444,356,262,4) : 1
(67,205,21,171) : 1
(134,293,249,445) : 1
(31,189,39,84) : 1
(73,14) : 1
(66,30,415,22) : 1
(58,417,57,25) : 1
(2,304,440,306) : 1
(212,271,290,72) : 1
(16,5,50,53) : 1
(360,11,134,490) : 1
(226,185,80,198) : 1
(76,3,128,68) : 1
(266,138,39,98) : 1
(425,175,451,243) : 1
(412,219,212,153) : 1
(57,296,198,58) : 1
(97,305,10,56) : 1
(85,190,16,4) : 1
(294,487,196,218) : 1
(466,74,40,42) : 1
(354,5,20,33) : 1
(30,95,60,194) : 1
(274,57,393,315) : 1
(99,277,7,5) : 1
(1,79,21,12) : 1
(453,175,59,48) : 1
(8,82,450,85) : 1
(9,53,24,240) : 1
(482,266,220,332) : 1
(17,198,269,16) : 1
(214,412,62,40) : 1
(97,66,40,239) : 1
(466,150,302,45) : 1
(0,13,58,247) : 1
(82,148,3,21) : 1
(205,377,415,97) : 1
(2,66,197,266) : 1
(50,25,10,418) : 1
(59,172,123,17) : 1
(311,30,409,9) : 1
(133,16,48,84) : 1
(487,21,467,134) : 1
(146,16,356,164) : 1
(270,359,293,60) : 1
(44,49,92,394) : 1
(57,17,266,315) : 1
(482,487,67,1) : 1
(245,120,15,63) : 1
(261,51,11,49) : 1
(141,232,28,225) : 1
(83,287,30,23) : 1
(74,350,299,34) : 1
(179,287,356,283) : 1
(400,150,379,342) : 1
(497,9,29,301) : 1
(204,317,292,166) : 1
(465,88,427,36) : 1
(280,473,370,219) : 1
(266,66,140,227) : 1
(121,85,413,236) : 1
(31,6,36,218) : 1
(226,302,45,382) : 1
(277,161,239,160) : 1
(88,263,29,382) : 1
(132,95,20,267) : 1
(453,189,39,397) : 1
(138,397,189,288) : 1
(309,450,14,361) : 1
(19,57,201,8) : 1
(94,38,17,108) : 1
(274,436,366,300) : 1
(107,419,329,380) : 1
(453,288,11,103) : 1
(209,189,494,411) : 1
(454,13,1,9) : 1
(157,27,28,163) : 1
(440,42,198,236) : 1
(482,466,446,14) : 1
(62,263,40,439) : 1
(123,185,95,381) : 1
(392,99,17,356) : 1
(234,195,300,253) : 1
(57,125,149,86) : 1
(391,196,270,236) : 1
(189,262,39,16) : 1
(196,425,294,362) : 1
(79,415,10,307) : 1
(19,26,11,186) : 1
(294,302,452,175) : 1
(40,339,82,11) : 1
(425,444,391,131) : 1
(18,243,461,191) : 1
(58,157,215,2) : 1
(189,412,99,95) : 1
(103,288,320,436) : 1
(58,103,45,218) : 1
(53,306,29,251) : 1
(8,84,70,476) : 1
(425,31,189,63) : 1
(171,184,213,106) : 1
(273,494,161,49) : 1
(62,111,341,6) : 1
(361,426,370,237) : 1
(464,196,258,395) : 1
(425,108,124,367) : 1
(314,434,212,75) : 1
(196,197,138,451) : 1
(165,173,125,163) : 1
(204,16,302,56) : 1
(412,39,411,171) : 1
(15,412,2,131) : 1
(107,249,243,313) : 1
(266,392,328,415) : 1
(161,236,148,29) : 1
(293,34,170,415) : 1
(54,401,0,46) : 1
(36,152,340,417) : 1
(425,453,175,172) : 1
(139,234,72,57) : 1
(412,7,59,333) : 1
(391,52,146,21) : 1
(80,175,138,0) : 1
(13,191,438,39) : 1
(467,21,366,324) : 1
(480,382,270,64) : 1
(171,60,88,116) : 1
(138,200,40,33) : 1
(242,300,162,325) : 1
(97,16,182,206) : 1
(493,107,218,216) : 1
(15,40,460,111) : 1
(304,415,331,498) : 1
(270,322,219,475) : 1
(400,13,209,494) : 1
(86,26,325,83) : 1
(37,476,406,401) : 1
(99,97,0,132) : 1
(6,229,304,327) : 1
(233,379,416,161) : 1
(205,5,21,12) : 1
(146,45,389,329) : 1
(252,31,40,309) : 1
(296,132,85,283) : 1
(103,31,15,7) : 1
(38,352,5,144) : 1
(62,108,264,297) : 1
(277,400,189,494) : 1
(141,289,54,69) : 1
(85,416,37,278) : 1
(123,339,372,412) : 1
(149,330,218,40) : 1
(200,42,6,411) : 1
(40,498,409,242) : 1
(175,393,59,489) : 1
(347,454,495,360) : 1
(79,356,37,74) : 1
(427,236,258,199) : 1
(116,265,384,5) : 1
(261,13,81,96) : 1
(12,5,159,288) : 1
(31,39,482,20) : 1
(3,170,41,352) : 1
(283,479,191,338) : 1
(137,224,124,154) : 1
(189,372,48,392) : 1
(37,57,33,79) : 1
(116,157,297,58) : 1
(333,450,23,456) : 1
(266,494,255,216) : 1
(175,172,372,281) : 1
(17,48,99,97) : 1
(159,58,49,46) : 1
(294,175,40,94) : 1
(175,40,450,309) : 1
(417,394,21,251) : 1
(175,172,48,2) : 1
(172,198,258,57) : 1
(42,94,97,15) : 1
(464,283,455,97) : 1
(413,474,12,299) : 1
(304,416,413,415) : 1
(161,131,255,264) : 1
(99,161,133,42) : 1
(200,391,181,323) : 1
(367,467,52,54) : 1
(494,39,397,292) : 1
(82,96,14,44) : 1
(384,204,16,217) : 1
(58,309,52,65) : 1
(79,8,128,70) : 1
(97,56,40,190) : 1
(266,409,9,27) : 1
(483,487,242,86) : 1
(144,232,350) : 1
(365,51,454,414) : 1
(37,14,86,8) : 1
(34,36,19,26) : 1
(266,37,27,46) : 1
(453,226,273,15) : 1
(450,68,75,55) : 1
(172,273,15,48) : 1
(461,337,108,204) : 1
(431,405,368,466) : 1
(122,63,47,70) : 1
(445,175,48,56) : 1
(466,25,373,294) : 1
(2,342,137,211) : 1
(62,40,297,42) : 1
(90,11,68,294) : 1
(399,18,184,14) : 1
(372,453,189,435) : 1
(181,244,40,388) : 1
(57,35,67,149) : 1
(18,335,488,68) : 1
(42,39,341,217) : 1
(216,90,82,456) : 1
(148,67,463,420) : 1
(192,134,65,243) : 1
(294,98,167,334) : 1
(268,83,483,288) : 1
(8,4,29,49) : 1
(189,42,30,131) : 1
(15,19,95,414) : 1
(294,158,114,327) : 1
(40,183,269,459) : 1
(339,97,56,112) : 1
(431,158,136,74) : 1
(304,315,498,427) : 1
(85,43,40,16) : 1
(251,9,15,7) : 1
(58,198,157,215) : 1
(206,281,444,409) : 1
(62,40,56,356) : 1
(189,59,453,392) : 1
(386,420,99,380) : 1
(159,55,7,8) : 1
(481,301,182,71) : 1
(9,138,97,47) : 1
(493) : 1
(51,76,141,3) : 1
(62,311,99,97) : 1
(16,195,136,232) : 1
(59,392,62,262) : 1
(372,94,66,266) : 1
(341,318,300,459) : 1
(464,328,159,269) : 1
(384,37,120,154) : 1
(198,453,400,253) : 1
(107,377,66,384) : 1
(258,206,211,66) : 1
(139,113,179,120) : 1
(161,304,13,120) : 1
(425,453,31,138) : 1
(416,74,6,257) : 1
(38,90,453,266) : 1
(214,210,64,5) : 1
(79,82,188,210) : 1
(5,22,6,47) : 1
(49,156,4,58) : 1
(242,487,328,354) : 1
(397,40,267,183) : 1
(58,218,189,161) : 1
(5,325,246,12) : 1
(331,3,16,57) : 1
(372,126,62,161) : 1
(274,206,159,66) : 1
(103,425,453,130) : 1
(162,228,210,0) : 1
(41,19,24,26) : 1
(287,63,10,109) : 1
(473,372,451,40) : 1
(214,54,44,175) : 1
(66,252,59,315) : 1
(315,411,482,181) : 1
(264,138,362,292) : 1
(99,416,157,7) : 1
(356,204,331,316) : 1
(258,236,199,182) : 1
(197,193,350,199) : 1
(218,311,160,33) : 1
(294,76,45,169) : 1
(97,62,108,7) : 1
(161,123,15,189) : 1
(329,100,3,214) : 1
(332,427,392,358) : 1
(392,412,99,356) : 1
(453,328,62,464) : 1
(35,138,43,289) : 1
(128,453,130,400) : 1
(45,268,104,433) : 1
(40,42,56,6) : 1
(311,19,24,244) : 1
(35,345,72,19) : 1
(5,190,198,19) : 1
(56,40,66,74) : 1
(205,313,243,193) : 1
(252,123,62,117) : 1
(456,226,103,453) : 1
(219,380,218,242) : 1
(202,100,285,394) : 1
(464,382,475,165) : 1
(169,433,417,15) : 1
(455,378,426,345) : 1
(123,15,7,17) : 1
(180,176,129,34) : 1
(94,229,453,237) : 1
(99,371,339,183) : 1
(83,394,182,58) : 1
(40,317,103,99) : 1
(16,196,106,400) : 1
(483,180,19,24) : 1
(13,5,1,0) : 1
(362,303,363,211) : 1
(66,277,196,88) : 1
(270,268,482,433) : 1
(98,321,300,347) : 1
(175,40,58,21) : 1
(453,400,31,189) : 1
(338,94,207,141) : 1
(467,471,200,220) : 1
(311,97,1,65) : 1
(287,220,332,482) : 1
(25,428,188,119) : 1
(9,171,142,266) : 1
(14,298,438,486) : 1
(397,400,11,209) : 1
(30,126,97,203) : 1
(433,38,160,323) : 1
(63,313,53,295) : 1
(222,110,361,221) : 1
(446,287,44,251) : 1
(181,85,474,374) : 1
(108,133,124,48) : 1
(9,261,57,44) : 1
(393,395,259,424) : 1
(150,9,50,73) : 1
(435,39,80,67) : 1
(15,161,94,175) : 1
(116,379,294,414) : 1
(283,237,0,324) : 1
(11,425,31,189) : 1
(490,450,92,374) : 1
(303,274,419,315) : 1
(284,79,343,282) : 1
(89,401,5,12) : 1
(9,5,12,20) : 1
(11,0,96,44) : 1
(69,105,274,19) : 1
(425,311,391,296) : 1
(84,373,62,33) : 1
(193,405,85,154) : 1
(311,206,294,372) : 1
(308,360,314,24) : 1
(224,58,5,12) : 1
(211,2,42,286) : 1
(175,372,444,131) : 1
(441,74,266,176) : 1
(347,292,289,212) : 1
(383,38,222,17) : 1
(74,103,221,229) : 1
(77,138,1,0) : 1
(59,23,175,172) : 1
(97,154,291,226) : 1
(334,58,157,13) : 1
(6,2,13,0) : 1
(13,62,0,30) : 1
(464,42,262,190) : 1
(384,45,12,476) : 1
(50,39,80,193) : 1
(309,416,102,59) : 1
(99,190,59,2) : 1
(395,474,181,4) : 1
(450) : 1
(302,56,23,183) : 1
(351,355) : 1
(408,252,74,332) : 1
(134,367,349,110) : 1
(205,4,87,96) : 1
(484,19,179,135) : 1
(220,3,138,270) : 1
(123,161,40,62) : 1
(495,276,109,192) : 1
(9,25,471,21) : 1
(474,307,59,40) : 1
(99,42,273,97) : 1
(84,126,99,203) : 1
(397,466,439,283) : 1
(413,10,139,419) : 1
(154,262,130,66) : 1
(43,244,40,52) : 1
(108,258,113,93) : 1
(16,408,278,58) : 1
(416,477,446,420) : 1
(400,311,204,409) : 1
(3,41,35,162) : 1
(315,416,425,392) : 1
(200,206,319,231) : 1
(199,143,221,11) : 1
(74,391,317,94) : 1
(209,7,59,409) : 1
(175,412,40,11) : 1
(456,377,2,288) : 1
(475,125,242,175) : 1
(166,312,494,28) : 1
(266,315,392,304) : 1
(11,7,17,126) : 1
(242,459,101,321) : 1
