0, 1, 2, 3, 4, 5, 6, 7, 8, 9, 10, 11, 12, 13, 14, 15, 16, 17, 18, 19, 20, 21, 22, 23, 24, 25, 26, 27, 28, 29, 30, 31, 32, 33, 34, 35, 36, 37, 38, 39, 40, 41, 42, 43, 44, 45, 46, 47, 48, 49, 50, 51, 52, 53, 54, 55, 56, 57, 58, 59, 60, 61, 62, 63, 64, 65, 66, 67, 68, 69, 70, 71, 72, 73, 74, 75, 76, 77, 78, 79, 80, 81, 82, 83, 84, 85, 86, 87, 88, 89, 90, 91, 92, 93, 94, 95, 96, 97, 98, 99
A,B,C,D,E,F,G,H,I,J,K,L,M,N,O,P,Q,R,S,T,U,V,W,X,Y,Z,-+-+-+-+-
(2,56,49,39) : 1
(1,36,69,51) : 1
(9) : 1
(2,53,4,58) : 1
(56,30,17,59) : 1
(13,2,66,59) : 1
(58,36,95,85) : 1
(66,59,49,31) : 1
(86,18,34,19) : 1
(4,29,10,2) : 1
(66,59,48,97) : 1
(50,57) : 1
(61,57,64,15) : 1
(42,59,40,23) : 1
(41,44,11,10) : 1
(21,5,2,3) : 1
(17,63,79,52) : 1
(74,62,40,42) : 1
(66,59,99,97) : 1
(94,83,64,41) : 1
(29,45,19,69) : 1
(19,26,43,92) : 1
(47,60,76,75) : 1
(84,86,31,48) : 1
(62,5,9,18) : 1
(97,66,74,17) : 1
(76,11,80,16) : 1
(84,33,77,89) : 1
(13,2,17,48) : 1
(76,8,70,47) : 1
(50,40,60,76) : 1
(11,59,39,80) : 1
(11,31,74,17) : 1
(7,57,24,47) : 1
(62,56,46,23) : 1
(81,53,1) : 1
(30,59,23,1) : 1
(97,32,42,61) : 1
(93,31,15,90) : 1
(62,97,59,56) : 1
(30,45,51,0) : 1
(59,48,56,40) : 1
(7,62,2,33) : 1
(80,11,39,16) : 2
(95,99,79,94) : 1
(66,97,62,40) : 2
(49,37,3,50) : 1
(65,16,64,93) : 1
(7,1,0,45) : 1
(35,37,77,98) : 1
(85,40,33,9) : 1
(18,71,17,5) : 1
(94,11,31,15) : 1
(48,99,56,42) : 1
(97,59,99,33) : 1
(40,59,99,30) : 1
(4,7,66,6) : 1
(13,1,9,21) : 1
(3,75,69,71) : 1
(35,40,37,64) : 1
(83,59,97,37) : 1
(59,14,13,99) : 1
(47,19,1,9) : 1
(5,22,6,94) : 1
(19,24,26,73) : 1
(90,74,94,82) : 1
(91,0,8,37) : 1
(77,17,0,34) : 1
(97,28,5,8) : 1
(40,33,16,17) : 1
(17,5,35,51) : 1
(41,2,28,21) : 1
(4,58,15,86) : 1
(11,27,54,78) : 1
(96,71,41,87) : 1
(38,28,48,0) : 1
(36,33,22,52) : 1
(31,17,21,72) : 1
(67,83,74,11) : 1
(69,55,94,47) : 1
(66,48,30,6) : 1
(53,9) : 1
(6,16,57,25) : 1
(60,87) : 1
(9,41,96,91) : 1
(0,77,27,50) : 1
(11,16,31,90) : 1
(59,99,1,94) : 1
(11,66,59,1) : 1
(15,99,97,61) : 1
(6,55,31,74) : 1
(57,58,30,39) : 1
(33,65,36,3) : 1
(70,26,32,21) : 1
(56,66,23,17) : 1
(2,30,52,75) : 1
(85,20,89,29) : 1
(17,59,48,62) : 1
(32,46,83,40) : 1
(15,7,21,34) : 1
(31,7,0,9) : 1
(83,1,4,19) : 1
(59,48,97,62) : 1
(19,24,6,57) : 1
(40,74,15,17) : 1
(29,7,18,25) : 1
(3,4,78,88) : 1
(99,97,11,7) : 1
(95,50,5,0) : 1
(35,3,54,5) : 1
(30,80,14,74) : 1
(85,17,21,9) : 1
(62,40,80,66) : 1
(59,73,2,9) : 1
(11,92,66,2) : 1
(16,90,31,39) : 1
(15,17,56,40) : 1
(6,16,64,91) : 1
(63,14,19,24) : 1
(7,40,6,11) : 1
(87,28,97,1) : 1
(62,2,56,40) : 1
(41) : 1
(47,65,60,12) : 1
(85,41,15,99) : 1
(27,46,11,99) : 1
(7,5,12,25) : 1
(74,40,11,5) : 1
(59,99,38,13) : 1
(30,11,62,40) : 1
(59,48,62,57) : 1
(63,2,40,74) : 1
(91,2,16,20) : 1
(86,51,36,35) : 1
(85,69,11,13) : 1
(40,42,21,34) : 1
(48,62,6,8) : 1
(60,85,98,51) : 1
(8,85,16,93) : 1
(56,40,17,59) : 1
(40,31) : 1
(51,52,67,19) : 1
(12,34,37,6) : 1
(90,28,39,84) : 1
(39,16,80,90) : 1
(5,1,60,18) : 1
(59,61,16,12) : 1
(37,0,82,53) : 1
(98,11,59,27) : 1
(5,49,94,99) : 1
(65,34,85,9) : 1
(2,71,7,33) : 1
(83,66,99,63) : 1
(81,30,11,1) : 1
(2,95,13,17) : 1
(57,53) : 1
(23,93,64,12) : 1
(21,20,72,25) : 1
(59,98,33,39) : 1
(94,99,76,45) : 1
(87,0,2,65) : 1
(69,97,40,37) : 1
(2,66,17,59) : 1
(42,39,50,5) : 1
(38,37,64,3) : 1
(2,66,7,59) : 1
(66,31,13,59) : 1
(40,59,2,27) : 1
(88,85,58,19) : 1
(46,43,6,80) : 1
(59,97,62,56) : 1
(4,60,12,52) : 1
(66,2,30,23) : 1
(62,26,16,58) : 1
(93,64,23,21) : 1
(64,92,51,41) : 1
(74,57,11,32) : 1
(82,4,85,89) : 1
(16,62,38,93) : 1
(14,0) : 1
(92,1,0,3) : 1
(4,91,43,35) : 1
(59,97,56,17) : 1
(15,7,2,3) : 1
(11,6,18,14) : 1
(48,8,82,98) : 1
(93,25,29,24) : 1
(59,21,13,0) : 1
(93,29,16,45) : 1
(0,33,95,82) : 1
(80,74,57,49) : 1
(99,63,23,58) : 1
(16,33,22,23) : 1
(4,1,35,67) : 1
(67,21,88,14) : 1
(0,26,5,69) : 1
(31,39,84,80) : 2
(73,14) : 1
(66,30,22,84) : 1
(58,57,25,29) : 1
(2,18,59,8) : 1
(72,86,13,60) : 1
(16,5,50,53) : 1
(11,21,47,18) : 1
(76,3,68,25) : 1
(39,98,11,32) : 1
(15,7,59,2) : 1
(83,18,24) : 1
(57,58,62,99) : 1
(97,10,56,40) : 1
(85,16,4,92) : 1
(32,57,29,31) : 1
(74,40,42,57) : 1
(5,20,33,3) : 1
(30,95,60,58) : 1
(57,38,97,56) : 1
(99,7,5,8) : 1
(1,79,21,12) : 1
(59,48,40,42) : 1
(8,82,85,9) : 1
(9,53,24,12) : 1
(66,99,62,6) : 1
(17,16,68,11) : 1
(62,40,94,74) : 1
(97,66,40,59) : 1
(45,85,14) : 1
(0,13,58,54) : 1
(82,3,21,65) : 1
(97,50,46,62) : 1
(2,66,59,1) : 1
(50,25,10,1) : 1
(59,17,99,62) : 1
(30,9,94,27) : 1
(16,48,84,80) : 1
(21) : 1
(16,89,0,88) : 1
(60,83,31,17) : 1
(44,49,92,66) : 1
(57,17,80,82) : 1
(67,1) : 1
(15,63,2,1) : 1
(51,11,49,77) : 1
(28,87) : 1
(83,30,23,37) : 1
(74,34,14,27) : 1
(69,5,33,12) : 1
(24,86) : 1
(9,29,1,52) : 1
(19,64,59,85) : 1
(88,36,87,71) : 1
(69,15,13,70) : 1
(66,22,95,3) : 1
(85,2,33,94) : 1
(31,6,36,7) : 1
(45,14,7,38) : 1
(11,33,82,98) : 1
(88,29,7,85) : 1
(95,20,48,0) : 1
(39,31,84,16) : 1
(39,84,31,28) : 1
(14,73,31,76) : 1
(19,57,8,1) : 1
(94,38,17,95) : 1
(79,80,58,99) : 1
(64,0,95,88) : 1
(11,62,80,17) : 1
(90,11,5,80) : 1
(13,1,9) : 1
(27,28,11,0) : 1
(42,85,62,40) : 1
(14,73) : 1
(62,40,39,57) : 1
(95,11,49,94) : 1
(99,17,15,59) : 1
(2,53,21,65) : 1
(57,86,93,37) : 1
(64,39,7,94) : 1
(39,16,59,42) : 1
(79,10,11,74) : 1
(19,26,11,44) : 1
(31,62,40,28) : 1
(40,82,11,28) : 1
(61,85,15,94) : 1
(18,21,75,72) : 1
(58,2,9,25) : 1
(99,95,80,33) : 1
(11,59,35,78) : 1
(58,45,18,89) : 1
(53,29,1,0) : 1
(8,84,70,80) : 1
(31,63,33,39) : 1
(85,31,5,6) : 1
(49,32,29,14) : 1
(62,6,58,23) : 1
(29,35,67,91) : 1
(33,80,42,17) : 1
(55,25,29,10) : 1
(75,2,29,1) : 1
(85,35,84,18) : 1
(8) : 1
(16,56,6,47) : 1
(39,42,33,22) : 1
(15,2,59,48) : 1
(42,90,85,24) : 1
(29,78,17,22) : 1
(34,59,5,39) : 1
(54,0,46,10) : 1
(36) : 1
(48,97,62,40) : 1
(72,57,21,35) : 1
(7,59,31,74) : 1
(52,21,28) : 1
(80,0,30,61) : 1
(13,39,25,4) : 1
(21,44,65,72) : 1
(64,81,7,8) : 1
(60,88,13,1) : 1
(40,33,42,6) : 1
(74,83,64,66) : 1
(97,16,31,93) : 1
(36,65) : 1
(15,40,56,33) : 1
(3,7,0,30) : 1
(11,7,17,9) : 1
(13,11,31,15) : 1
(86,26,83,24) : 1
(37,2,23,93) : 1
(99,97,0,66) : 1
(6,0,34,47) : 1
(85,84,18,34) : 1
(5,21,12,72) : 1
(45,41,29,56) : 1
(31,40,14,76) : 1
(85,6,70,28) : 1
(31,15,7,59) : 1
(38,5,60,75) : 1
(62,6,49,94) : 1
(28,39,84,80) : 1
(54,69,40,61) : 1
(85,37,77,64) : 1
(66,7,59,56) : 1
(40,94,66,74) : 1
(42,6,56,37) : 1
(40,30,47,77) : 1
(59,23,68,58) : 1
(71,57) : 1
(79,37,74,70) : 1
(57) : 2
(5,20,57,9) : 1
(13,81,96,7) : 1
(12,5,4,19) : 1
(31,39,20,5) : 1
(3,41,79,14) : 1
(7,8,47,25) : 1
(74,9,60,17) : 1
(48,99,56,16) : 1
(37,57,33,79) : 1
(58,5,28,20) : 1
(23,64,41,19) : 1
(88,11,66,17) : 1
(62,42,17,97) : 1
(17,48,99,97) : 1
(58,49,46,61) : 1
(40,94,93,85) : 1
(40,74,85,31) : 1
(21,10,41,75) : 1
(48,2,40,42) : 1
(57,59,99,97) : 1
(42,94,97,15) : 1
(97,58,17,11) : 1
(12,17,29) : 1
(95,88,40,22) : 1
(95,66,13,59) : 1
(99,42,23,59) : 1
(30,94,46,16) : 1
(52,54,35) : 1
(39,31,11,5) : 1
(82,96,14,44) : 1
(16,58,36,48) : 1
(58,52,65,14) : 1
(79,8,70,86) : 1
(97,56,40,27) : 1
(9,27,66,74) : 1
(86,13,67,1) : 1
(51,71,18,31) : 1
(37,14,86,8) : 1
(34,36,19,26) : 1
(37,27,46,19) : 1
(15,63,80,32) : 1
(68,75,55,73) : 1
(15,48,2,56) : 1
(73,96,7,97) : 1
(63,47,70,5) : 1
(48,56,90,51) : 1
(25,29,89,5) : 1
(2,5,3,14) : 1
(62,40,42,66) : 1
(90,11,68,15) : 1
(18,14,75,72) : 1
(59,99,97,40) : 1
(40,33,22,37) : 1
(57,35,67,4) : 1
(18,68,75,0) : 1
(42,39,86,49) : 1
(90,82,62,3) : 1
(67,31,6,79) : 1
(65,88,1,9) : 1
(98,11,16,21) : 1
(83,81,86,7) : 1
(8,4,29,49) : 1
(42,30,94,28) : 1
(15,19,95,41) : 1
(85,93,83,86) : 1
(40,48,49,82) : 1
(97,56,48,17) : 1
(74,0,54,21) : 1
(85,43,40,16) : 1
(9,15,7,51) : 1
(58,42,49,97) : 1
(13,71,92,65) : 1
(62,40,56,48) : 1
(59,84,0,95) : 1
(99,86,59,97) : 1
(55,7,8,70) : 1
(71,45,79) : 1
(9,97,47,12) : 1
(51,76,3,4) : 1
(62,99,97,40) : 1
(16,92,0,9) : 1
(59,62,97,30) : 1
(94,66,56,40) : 1
(31,97,76,4) : 1
(24,31,63,9) : 1
(37,39,90,14) : 1
(84,80,16,22) : 1
(66,59,33,6) : 1
(66,97,57,56) : 1
(71,2,68,69) : 1
(13,17,48,56) : 1
(31,80,90,39) : 1
(74,6,58,14) : 1
(38,90,97,40) : 1
(64,5,4,83) : 1
(79,82,53,98) : 1
(5,22,6,47) : 1
(49,4,58,32) : 1
(16,54,43,2) : 1
(40,85,62,32) : 1
(58,33,12,22) : 1
(5,12,1,35) : 1
(3,16,57,25) : 1
(62,59,48,99) : 1
(66,42,27,39) : 1
(66,31,15,13) : 1
(0,4,43,78) : 1
(41,19,24,26) : 1
(63,10,73,1) : 1
(40,42,94,80) : 1
(54,44,48,32) : 1
(66,59,48,99) : 2
(42,56,40,33) : 1
(64,90,92) : 1
(99,7,95,80) : 1
(59,99,58,30) : 1
(26,13,99,23) : 1
(33,66,17,59) : 1
(76,45,42,16) : 1
(97,62,7,56) : 1
(15,48,62,56) : 1
(3,91,43,51) : 1
(74,17,18,22) : 1
(99,36,58,40) : 1
(62,42,61,57) : 1
(35,43,50,89) : 1
(31,21,90,11) : 1
(45,55,93,57) : 1
(40,42,56,6) : 1
(19,24,43,97) : 1
(35,72,19,24) : 1
(5,19,24,26) : 1
(56,40,66,74) : 1
(62,61,32,50) : 1
(31,13,66,80) : 1
(45,1,88) : 1
(45,57,98,71) : 1
(86,11,2,33) : 1
(15,3,10,41) : 1
(15,7,17,59) : 1
(34) : 1
(94,59,62,83) : 1
(99,29,19,6) : 1
(83,58,87,0) : 1
(40,99,97,56) : 1
(16,24,26,31) : 1
(19,24,23,61) : 1
(13,5,1,0) : 1
(22,6,52,18) : 1
(66,88,85,91) : 1
(54) : 1
(98,91,96,1) : 1
(40,58,21,31) : 1
(94,79,24,11) : 1
(0,42,9,95) : 1
(97,1,65,13) : 1
(74,58,64,92) : 1
(25,2,1,3) : 1
(9,80,88,32) : 1
(14,54,11,55) : 1
(11,39,90,80) : 1
(30,97,33,49) : 1
(38,66,6,84) : 1
(63,53,1,6) : 1
(76,45,51,11) : 1
(44,62,92,59) : 1
(85,4,29,14) : 1
(48,49,23,22) : 1
(9,57,44,1) : 1
(32,44,27,46) : 1
(9,50,73,1) : 1
(39,80,67,90) : 1
(15,94,97,42) : 1
(69,57,78,2) : 1
(0,40,48,62) : 1
(11,31,39,80) : 1
(92) : 1
(28,63,34,6) : 1
(79,14) : 1
(89,5,12,36) : 1
(9,5,12,20) : 1
(11,0,96,44) : 1
(69,19,83,24) : 1
(61,16,85,58) : 1
(84,62,33,28) : 1
(85,28,46,32) : 1
(37,59,99,42) : 1
(24,43,26,19) : 1
(58,5,12,20) : 1
(2,42,3,82) : 1
(66,31,17,59) : 1
(74,11,8,31) : 1
(99,42,88,58) : 1
(38,17,46,12) : 1
(74,52,34,0) : 1
(77,1,0,49) : 1
(59,23,17,48) : 1
(97,62,32,66) : 1
(58,13,20,5) : 1
(6,2,13,0) : 1
(13,62,0,30) : 1
(42,94,59,99) : 1
(45,12,89,34) : 1
(50,39,80,77) : 1
(59,57,14,17) : 1
(99,59,2,23) : 1
(4,2) : 1
(56,23,33,79) : 1
(74,25,29,11) : 1
(95,59,27,74) : 1
(4,87,96,53) : 1
(19,5,3,12) : 1
(3,35,27,2) : 1
(40,62,74,59) : 1
(44,51,68,14) : 1
(9,25,21,72) : 1
(59,40,0,30) : 1
(99,42,97,62) : 1
(84,99,94,17) : 1
(62,59,49,80) : 1
(10,89,0,29) : 1
(43,40,52,37) : 1
(93,17,56,42) : 1
(16,58,13) : 1
(59,42,8,72) : 1
(84,16,30,66) : 1
(3,41,35,52) : 1
(59,17,99,97) : 1
(58,91,74,7) : 1
(11,15,60,65) : 1
(74,94,62,40) : 1
(7,59,58,63) : 1
(40,11,7,59) : 1
(2,7,0,30) : 1
(11,62,6,39) : 1
(28,74,59,97) : 1
(94,17,42,49) : 1
(11,7,17,99) : 1
(59,1,40,0) : 1
