0, 1, 2, 3, 4, 5, 6, 7, 8, 9, 10, 11, 12, 13, 14, 15, 16, 17, 18, 19, 20, 21, 22, 23, 24, 25, 26, 27, 28, 29, 30, 31, 32, 33, 34, 35, 36, 37, 38, 39, 40, 41, 42, 43, 44, 45, 46, 47, 48, 49, 50, 51, 52, 53, 54, 55, 56, 57, 58, 59, 60, 61, 62, 63, 64, 65, 66, 67, 68, 69, 70, 71, 72, 73, 74, 75, 76, 77, 78, 79, 80, 81, 82, 83, 84, 85, 86, 87, 88, 89, 90, 91, 92, 93, 94, 95, 96, 97, 98, 99, 100, 101, 102, 103, 104, 105, 106, 107, 108, 109, 110, 111, 112, 113, 114, 115, 116, 117, 118, 119, 120, 121, 122, 123, 124, 125, 126, 127, 128, 129, 130, 131, 132, 133, 134, 135, 136, 137, 138, 139, 140, 141, 142, 143, 144, 145, 146, 147, 148, 149, 150, 151, 152, 153, 154, 155, 156, 157, 158, 159, 160, 161, 162, 163, 164, 165, 166, 167, 168, 169, 170, 171, 172, 173, 174, 175, 176, 177, 178, 179, 180, 181, 182, 183, 184, 185, 186, 187, 188, 189, 190, 191, 192, 193, 194, 195, 196, 197, 198, 199, 200, 201, 202, 203, 204, 205, 206, 207, 208, 209, 210, 211, 212, 213, 214, 215, 216, 217, 218, 219, 220, 221, 222, 223, 224, 225, 226, 227, 228, 229, 230, 231, 232, 233, 234, 235, 236, 237, 238, 239, 240, 241, 242, 243, 244, 245, 246, 247, 248, 249, 250, 251, 252, 253, 254, 255, 256, 257, 258, 259, 260, 261, 262, 263, 264, 265, 266, 267, 268, 269, 270, 271, 272, 273, 274, 275, 276, 277, 278, 279, 280, 281, 282, 283, 284, 285, 286, 287, 288, 289, 290, 291, 292, 293, 294, 295, 296, 297, 298, 299, 300, 301, 302, 303, 304, 305, 306, 307, 308, 309, 310, 311, 312, 313, 314, 315, 316, 317, 318, 319, 320, 321, 322, 323, 324, 325, 326, 327, 328, 329, 330, 331, 332, 333, 334, 335, 336, 337, 338, 339, 340, 341, 342, 343, 344, 345, 346, 347, 348, 349, 350, 351, 352, 353, 354, 355, 356, 357, 358, 359, 360, 361, 362, 363, 364, 365, 366, 367, 368, 369, 370, 371, 372, 373, 374, 375, 376, 377, 378, 379, 380, 381, 382, 383, 384, 385, 386, 387, 388, 389, 390, 391, 392, 393, 394, 395, 396, 397, 398, 399, 400, 401, 402, 403, 404, 405, 406, 407, 408, 409, 410, 411, 412, 413, 414, 415, 416, 417, 418, 419, 420, 421, 422, 423, 424, 425, 426, 427, 428, 429, 430, 431, 432, 433, 434, 435, 436, 437, 438, 439, 440, 441, 442, 443, 444, 445, 446, 447, 448, 449, 450, 451, 452, 453, 454, 455, 456, 457, 458, 459, 460, 461, 462, 463, 464, 465, 466, 467, 468, 469, 470, 471, 472, 473, 474, 475, 476, 477, 478, 479, 480, 481, 482, 483, 484, 485, 486, 487, 488, 489, 490, 491, 492, 493, 494, 495, 496, 497, 498, 499, 500, 501, 502, 503, 504, 505, 506, 507, 508, 509, 510, 511, 512, 513, 514, 515, 516, 517, 518, 519, 520, 521, 522, 523, 524, 525, 526, 527, 528, 529, 530, 531, 532, 533, 534, 535, 536, 537, 538, 539, 540, 541, 542, 543, 544, 545, 546, 547, 548, 549, 550, 551, 552, 553, 554, 555, 556, 557, 558, 559, 560, 561, 562, 563, 564, 565, 566, 567, 568, 569, 570, 571, 572, 573, 574, 575, 576, 577, 578, 579, 580, 581, 582, 583, 584, 585, 586, 587, 588, 589, 590, 591, 592, 593, 594, 595, 596, 597, 598, 599, 600, 601, 602, 603, 604, 605, 606, 607, 608, 609, 610, 611, 612, 613, 614, 615, 616, 617, 618, 619, 620, 621, 622, 623, 624, 625, 626, 627, 628, 629, 630, 631, 632, 633, 634, 635, 636, 637, 638, 639, 640, 641, 642, 643, 644, 645, 646, 647, 648, 649, 650, 651, 652, 653, 654, 655, 656, 657, 658, 659, 660, 661, 662, 663, 664, 665, 666, 667, 668, 669, 670, 671, 672, 673, 674, 675, 676, 677, 678, 679, 680, 681, 682, 683, 684, 685, 686, 687, 688, 689, 690, 691, 692, 693, 694, 695, 696, 697, 698, 699, 700, 701, 702, 703, 704, 705, 706, 707, 708, 709, 710, 711, 712, 713, 714, 715, 716, 717, 718, 719, 720, 721, 722, 723, 724, 725, 726, 727, 728, 729, 730, 731, 732, 733, 734, 735, 736, 737, 738, 739, 740, 741, 742, 743, 744, 745, 746, 747, 748, 749, 750, 751, 752, 753, 754, 755, 756, 757, 758, 759, 760, 761, 762, 763, 764, 765, 766, 767, 768, 769, 770, 771, 772, 773, 774, 775, 776, 777, 778, 779, 780, 781, 782, 783, 784, 785, 786, 787, 788, 789, 790, 791, 792, 793, 794, 795, 796, 797, 798, 799, 800, 801, 802, 803, 804, 805, 806, 807, 808, 809, 810, 811, 812, 813, 814, 815, 816, 817, 818, 819, 820, 821, 822, 823, 824, 825, 826, 827, 828, 829, 830, 831, 832, 833, 834, 835, 836, 837, 838, 839, 840, 841, 842, 843, 844, 845, 846, 847, 848, 849, 850, 851, 852, 853, 854, 855, 856, 857, 858, 859, 860, 861, 862, 863, 864, 865, 866, 867, 868, 869, 870, 871, 872, 873, 874, 875, 876, 877, 878, 879, 880, 881, 882, 883, 884, 885, 886, 887, 888, 889, 890, 891, 892, 893, 894, 895, 896, 897, 898, 899, 900, 901, 902, 903, 904, 905, 906, 907, 908, 909, 910, 911, 912, 913, 914, 915, 916, 917, 918, 919, 920, 921, 922, 923, 924, 925, 926, 927, 928, 929, 930, 931, 932, 933, 934, 935, 936, 937, 938, 939, 940, 941, 942, 943, 944, 945, 946, 947, 948, 949, 950, 951, 952, 953, 954, 955, 956, 957, 958, 959, 960, 961, 962, 963, 964, 965, 966, 967, 968, 969, 970, 971, 972, 973, 974, 975, 976, 977, 978, 979, 980, 981, 982, 983, 984, 985, 986, 987, 988, 989, 990, 991, 992, 993, 994, 995, 996, 997, 998, 999
A,B,C,D,E,F,G,H,I,J,K,L,M,N,O,P,Q,R,S,T,U,V,W,X,Y,Z,-+-+-+-+-
(452,194,181,384) : 1
(593,1,417,240) : 1
(672,9,891,958) : 1
(2,596,317,117) : 1
(264,56,124,30) : 1
(13,749,610,175) : 1
(147,566,157,783) : 1
(391,66,59,49) : 1
(180,528,157,969) : 1
(249,4,29,10) : 1
(183,501,630,789) : 1
(679,833,899,124) : 1
(619,736,61,784) : 1
(175,42,397,59) : 1
(501,315,412,584) : 1
(744,870,21,5) : 1
(489,422,501,17) : 1
(304,397,439,530) : 1
(266,185,311,729) : 1
(922,508,620,416) : 1
(154,183,510,29) : 1
(875,234,146,938) : 1
(132,700,203,579) : 1
(781,977,84,427) : 1
(62,152,271,5) : 1
(97,131,66,74) : 1
(76,129,254,728) : 1
(204,84,753,324) : 1
(730,686,13,2) : 1
(76,8,70,47) : 1
(833,226,198,50) : 1
(198,542,258,11) : 1
(400,743,252,147) : 1
(7,124,57,566) : 1
(264,123,62,56) : 1
(680,236,81,160) : 1
(30,59,112,23) : 1
(281,748,97,108) : 1
(405,107,93,145) : 1
(138,451,62,910) : 1
(30,45,601,989) : 1
(185,590,175,59) : 1
(7,311,62,514) : 1
(411,274,839,80) : 1
(311,366,95,198) : 1
(66,123,126,97) : 1
(109,287,229,840) : 1
(178,218,65,278) : 1
(7,1,0,45) : 1
(446,229,933,325) : 1
(258,975,847,787) : 1
(530,445,18,71) : 1
(978,961,955,936) : 1
(339,94,11,277) : 1
(464,411,762,431) : 1
(372,48,311,99) : 1
(856,384,315,372) : 1
(175,40,501,311) : 1
(4,142,7,165) : 1
(266,13,763,702) : 1
(196,176,311,159) : 1
(35,162,816,242) : 1
(116,566,83,394) : 1
(895,107,356,341) : 1
(47,829,865,401) : 1
(181,327,5,409) : 1
(19,24,26,73) : 1
(90,116,617,415) : 1
(377,525,91,0) : 1
(630,101,893,77) : 1
(277,932,97,28) : 1
(40,33,16,781) : 1
(387,739,17,5) : 1
(686,902,971,924) : 1
(215,304,334,303) : 1
(11,266,315,200) : 1
(109,96,71,105) : 1
(886,520,665,809) : 1
(744,858,36,714) : 1
(206,823,661,525) : 1
(66,97,62,40) : 1
(315,490,462,882) : 1
(911,570,389,100) : 1
(802,610,189,721) : 1
(489,183,199,53) : 1
(207,6,566,122) : 1
(763,749,714,515) : 1
(557,516,219,476) : 1
(0,299,259,77) : 1
(11,185,362,904) : 1
(391,632,336,373) : 1
(964,490,749,537) : 1
(11,176,66,763) : 1
(277,123,501,108) : 1
(600,945,792,400) : 1
(748,198,337,843) : 1
(148,469,571,296) : 1
(70,26,639,925) : 1
(870,372,527,56) : 1
(175,255,282,294) : 1
(218,356,507,662) : 1
(311,870,112,130) : 1
(484,152,360,153) : 1
(15,7,21,34) : 1
(151,824,150,945) : 1
(732,752,186,83) : 1
(138,59,48,97) : 1
(539,159,305,568) : 1
(138,311,451,680) : 1
(789,327,882,29) : 1
(3,258,813,4) : 1
(277,273,123,203) : 1
(226,187,434,415) : 1
(879,35,360,438) : 1
(30,80,333,14) : 1
(85,17,519,706) : 1
(175,501,748,62) : 1
(226,59,706,73) : 1
(501,311,278,416) : 1
(16,569,90,31) : 1
(501,853,175,780) : 1
(591,175,900,103) : 1
(63,14,19,24) : 1
(813,729,598,278) : 1
(87,298,586,302) : 1
(62,108,161,2) : 1
(119,556,717,382) : 1
(47,65,164,145) : 1
(489,478,377,109) : 1
(104,27,46,11) : 1
(905,109,570,661) : 1
(122,985,459,74) : 1
(59,99,108,161) : 1
(30,11,266,372) : 1
(856,59,48,575) : 1
(281,412,748,870) : 1
(128,951,91,2) : 1
(847,744,723,502) : 1
(533,979,290,396) : 1
(85,375,224,413) : 1
(175,40,793,215) : 1
(748,189,48,62) : 1
(60,85,307,387) : 1
(397,8,85,131) : 1
(56,40,17,59) : 1
(789,40,961,806) : 1
(392,539,464,801) : 1
(51,52,67,19) : 1
(103,112,542,659) : 1
(425,453,400,700) : 1
(187,425,976,839) : 1
(900,5,785,752) : 1
(59,264,702,61) : 1
(37,484,826,998) : 1
(98,882,11,185) : 1
(123,5,390,992) : 1
(582,233,359,65) : 1
(788,562,662,748) : 1
(2,101,146,71) : 1
(409,885,726,459) : 1
(944,454,587,756) : 1
(392,423,2,203) : 1
(509,847,258,236) : 1
(23,93,217,843) : 1
(596,21,20,72) : 1
(131,59,591,98) : 1
(397,270,300,572) : 1
(527,598,576,553) : 1
(319,707,171,490) : 1
(190,2,584,453) : 1
(42,632,39,50) : 1
(803,642,936,38) : 1
(2,66,7,59) : 1
(209,527,203,680) : 1
(723,794) : 1
(40,123,59,133) : 1
(198,715,994,400) : 1
(537,46,280,523) : 1
(400,175,856,189) : 1
(756,583,680,662) : 1
(226,412,820,124) : 1
(62,356,309,199) : 1
(93,510,64,23) : 1
(127,237,733,602) : 1
(74,160,282,57) : 1
(82,188,599,440) : 1
(16,416,435,62) : 1
(156,795,893,14) : 1
(92,223,1,0) : 1
(609,4,566,761) : 1
(123,59,372,97) : 1
(15,7,161,2) : 1
(11,6,18,14) : 1
(266,270,281,397) : 1
(160,888,294,142) : 1
(637,290,168,93) : 1
(59,292,21,354) : 1
(358,93,395,29) : 1
(209,154,333,183) : 1
(639,80,728,644) : 1
(462,582,527,333) : 1
(339,501,16,897) : 1
(444,356,262,4) : 1
(67,205,506,771) : 1
(134,293,249,445) : 1
(31,189,39,737) : 1
(882,607,985,802) : 1
(66,919,30,551) : 1
(58,417,57,604) : 1
(2,304,440,306) : 1
(212,688,271,752) : 1
(973,16,5,50) : 1
(360,778,11,134) : 1
(226,185,80,198) : 1
(973,888,76,982) : 1
(266,138,39,723) : 1
(425,175,856,451) : 1
(412,575,219,212) : 1
(57,886,296,995) : 1
(97,744,305,969) : 1
(85,190,16,4) : 1
(294,610,487,196) : 1
(466,74,40,714) : 1
(776,608,354,5) : 1
(500,832,837,936) : 1
(580,792,274,591) : 1
(757,99,277,7) : 1
(856,766,797,710) : 1
(453,175,810,59) : 1
(8,82,450,85) : 1
(9,53,695,24) : 1
(543,535,673,482) : 1
(926,17,198,269) : 1
(833,838,214,412) : 1
(97,66,40,239) : 1
(466,714,150,302) : 1
(0,13,513,575) : 1
(702,82,148,3) : 1
(205,377,689,415) : 1
(618,2,66,197) : 1
(815,50,25,10) : 1
(59,172,123,17) : 1
(311,630,30,409) : 1
(133,891,16,590) : 1
(487,717,21,855) : 1
(593,146,957,16) : 1
(270,359,587,293) : 1
(44,49,92,394) : 1
(975,57,661,17) : 1
(668,707,509,560) : 1
(245,120,15,63) : 1
(261,51,974,963) : 1
(141,794,565,855) : 1
(789,83,633,287) : 1
(74,350,299,34) : 1
(179,287,765,356) : 1
(400,150,379,342) : 1
(559,604,497,852) : 1
(204,317,292,166) : 1
(465,88,427,505) : 1
(602,280,698,574) : 1
(266,66,780,140) : 1
(121,85,413,236) : 1
(31,818,6,36) : 1
(226,302,527,842) : 1
(277,932,839,161) : 1
(88,511,263,29) : 1
(132,95,704,20) : 1
(453,189,606,39) : 1
(138,839,397,189) : 1
(526,781,309,847) : 1
(19,57,201,552) : 1
(94,38,17,554) : 1
(965,800,274,789) : 1
(107,419,329,810) : 1
(453,288,11,103) : 1
(209,856,189,494) : 1
(949,973,804,844) : 1
(157,27,28,163) : 1
(922,440,42,707) : 1
(528,766,482,554) : 1
(62,263,40,439) : 1
(123,185,95,381) : 1
(392,99,17,356) : 1
(234,195,704,608) : 1
(523,57,125,149) : 1
(584,391,196,575) : 1
(189,262,39,16) : 1
(196,425,294,362) : 1
(932,579,79,714) : 1
(552,19,26,11) : 1
(294,928,975,708) : 1
(40,339,904,727) : 1
(425,763,444,801) : 1
(576,544,875,18) : 1
(58,157,215,974) : 1
(189,730,412,99) : 1
(103,288,789,320) : 1
(58,103,45,218) : 1
(53,675,306,29) : 1
(8,84,70,813) : 1
(610,425,31,189) : 1
(171,184,213,106) : 1
(273,763,494,161) : 1
(879,62,111,341) : 1
(714,361,530,426) : 1
(464,729,702,707) : 1
(425,108,124,367) : 1
(314,434,212,75) : 1
(514,196,965,197) : 1
(569,165,173,125) : 1
(813,874,204,16) : 1
(412,39,411,171) : 1
(15,412,2,749) : 1
(638,735,107,249) : 1
(266,392,598,328) : 1
(161,236,148,29) : 1
(587,293,34,170) : 1
(54,547,604,401) : 1
(631,36,890,875) : 1
(425,453,175,172) : 1
(139,234,733,72) : 1
(412,910,850,7) : 1
(391,52,607,146) : 1
(80,791,652,175) : 1
(904,745,594,13) : 1
(989,662,581,467) : 1
(480,382,270,64) : 1
(171,60,88,116) : 1
(138,200,40,33) : 1
(783,242,819,620) : 1
(593,699,97,16) : 1
(613,493,661,107) : 1
(778,15,40,848) : 1
(304,610,668,415) : 1
(270,540,322,876) : 1
(400,13,209,856) : 1
(86,26,325,83) : 1
(37,476,406,401) : 1
(99,97,0,132) : 1
(6,229,304,793) : 1
(233,888,379,416) : 1
(205,874,694,5) : 1
(146,45,389,329) : 1
(252,704,738,565) : 1
(296,132,85,283) : 1
(103,31,15,7) : 1
(38,352,5,144) : 1
(62,108,264,679) : 1
(277,630,400,856) : 1
(676,832,523,525) : 1
(85,789,416,595) : 1
(123,339,372,412) : 1
(149,330,218,637) : 1
(763,200,42,6) : 1
(40,498,409,242) : 1
(175,393,59,527) : 1
(653,347,595,454) : 1
(757,79,356,37) : 1
(881,557,427,236) : 1
(843,889,558,116) : 1
(802,261,13,574) : 1
(12,5,159,288) : 1
(31,39,482,20) : 1
(721,3,170,41) : 1
(283,479,191,520) : 1
(137,224,124,154) : 1
(820,961,975,886) : 1
(37,57,33,579) : 1
(116,157,297,58) : 1
(756,333,450,23) : 1
(659,672,266,494) : 1
(175,172,501,372) : 1
(17,48,99,97) : 1
(159,58,49,46) : 1
(294,175,40,94) : 1
(175,762,525,40) : 1
(417,394,21,251) : 1
(175,172,48,2) : 1
(902,172,729,584) : 1
(42,94,804,534) : 1
(923,904,464,610) : 1
(413,474,12,299) : 1
(304,897,416,413) : 1
(161,131,255,264) : 1
(99,870,161,133) : 1
(200,391,964,501) : 1
(367,467,52,54) : 1
(904,494,802,39) : 1
(82,96,633,14) : 1
(384,204,16,580) : 1
(873,58,504,309) : 1
(79,8,128,70) : 1
(97,56,40,190) : 1
(702,621,266,409) : 1
(870,483,557,679) : 1
(999,144,921,232) : 1
(365,578,556,51) : 1
(37,14,86,8) : 1
(534,639,34,36) : 1
(266,37,624,27) : 1
(453,226,273,15) : 1
(582,785,450,847) : 1
(172,273,15,539) : 1
(461,337,748,616) : 1
(431,405,813,368) : 1
(122,63,47,70) : 1
(950,709,732,925) : 1
(466,814,25,373) : 1
(2,342,137,211) : 1
(616,749,914,721) : 1
(90,11,68,906) : 1
(399,18,184,14) : 1
(372,584,737,964) : 1
(181,530,244,40) : 1
(57,35,67,149) : 1
(18,335,488,68) : 1
(42,39,341,217) : 1
(679,216,90,82) : 1
(148,905,890,67) : 1
(785,703,982,192) : 1
(294,770,610,928) : 1
(268,83,483,288) : 1
(513,692,8,4) : 1
(189,42,30,131) : 1
(15,753,688,19) : 1
(294,700,568,158) : 1
(40,598,183,269) : 1
(339,97,56,112) : 1
(513,872,431,158) : 1
(304,315,498,427) : 1
(963,85,43,551) : 1
(251,9,15,7) : 1
(502,58,198,525) : 1
(206,281,444,409) : 1
(62,40,56,356) : 1
(189,59,453,392) : 1
(386,965,420,748) : 1
(159,55,7,8) : 1
(704,659,857,748) : 1
(9,138,629,97) : 1
(803,813,857,525) : 1
(51,76,141,3) : 1
(62,311,99,97) : 1
(16,195,136,693) : 1
(59,392,62,910) : 1
(372,94,66,266) : 1
(341,856,838,806) : 1
(464,328,610,159) : 1
(384,774,37,120) : 1
(198,453,400,630) : 1
(961,513,107,591) : 1
(258,206,211,902) : 1
(139,113,505,179) : 1
(161,304,13,120) : 1
(856,425,453,31) : 1
(416,74,6,575) : 1
(38,90,453,266) : 1
(214,210,879,64) : 1
(79,82,188,945) : 1
(5,22,6,47) : 1
(49,569,156,4) : 1
(242,487,328,354) : 1
(397,40,267,183) : 1
(58,218,189,161) : 1
(5,325,246,12) : 1
(331,3,787,16) : 1
(372,126,62,161) : 1
(501,723,872,274) : 1
(103,425,453,130) : 1
(162,228,210,0) : 1
(41,839,934,967) : 1
(763,985,793,811) : 1
(473,372,451,40) : 1
(933,214,54,506) : 1
(66,252,810,59) : 1
(315,584,707,411) : 1
(264,138,362,292) : 1
(839,99,575,416) : 1
(356,204,331,316) : 1
(258,236,526,881) : 1
(539,929,824,197) : 1
(527,218,778,311) : 1
(535,714,294,76) : 1
(97,62,108,7) : 1
(919,161,749,123) : 1
(726,329,100,633) : 1
(332,427,392,358) : 1
(392,412,99,356) : 1
(453,328,62,900) : 1
(35,865,138,43) : 1
(128,453,130,400) : 1
(777,525,45,669) : 1
(40,42,56,6) : 1
(311,833,736,19) : 1
(958,35,862,807) : 1
(5,190,198,19) : 1
(56,40,66,74) : 1
(749,205,989,313) : 1
(252,123,62,632) : 1
(456,226,839,103) : 1
(219,380,218,242) : 1
(922,202,100,285) : 1
(779,464,382,475) : 1
(749,596,910,646) : 1
(455,378,691,506) : 1
(123,15,7,17) : 1
(839,794,976,901) : 1
(94,534,229,453) : 1
(99,371,339,183) : 1
(83,783,637,860) : 1
(40,317,103,99) : 1
(16,196,106,400) : 1
(483,813,762,180) : 1
(13,5,1,0) : 1
(699,891,362,303) : 1
(66,277,962,196) : 1
(513,672,270,932) : 1
(98,321,300,347) : 1
(175,40,58,749) : 1
(453,400,682,31) : 1
(882,338,94,207) : 1
(467,595,471,200) : 1
(311,97,1,65) : 1
(523,643,720,287) : 1
(25,428,691,188) : 1
(9,171,142,266) : 1
(14,298,438,595) : 1
(856,397,400,737) : 1
(30,126,97,203) : 1
(433,775,38,160) : 1
(63,313,53,295) : 1
(556,222,815,110) : 1
(446,572,287,666) : 1
(507,708,181,85) : 1
(527,108,133,124) : 1
(9,678,261,57) : 1
(615,393,395,711) : 1
(150,719,9,50) : 1
(435,39,80,67) : 1
(15,161,978,94) : 1
(116,379,294,414) : 1
(283,237,884,0) : 1
(11,425,31,189) : 1
(501,794,814,902) : 1
(303,274,419,315) : 1
(913,284,646,79) : 1
(89,401,5,12) : 1
(9,5,12,20) : 1
(829,11,0,96) : 1
(69,986,105,629) : 1
(838,736,566,425) : 1
(84,817,373,62) : 1
(193,405,85,894) : 1
(311,737,904,975) : 1
(308,360,314,24) : 1
(224,58,5,12) : 1
(211,2,42,286) : 1
(702,175,372,870) : 1
(570,441,74,266) : 1
(347,870,292,289) : 1
(383,38,222,17) : 1
(882,74,103,221) : 1
(77,614,785,691) : 1
(59,23,175,172) : 1
(97,154,291,226) : 1
(334,659,58,157) : 1
(6,972,999,565) : 1
(13,62,0,30) : 1
(464,705,42,262) : 1
(985,384,45,510) : 1
(649,954,50,801) : 1
(309,591,416,102) : 1
(99,190,59,2) : 1
(395,880,474,619) : 1
(872,542,973,749) : 1
(302,56,23,590) : 1
(773,567,678,351) : 1
(408,252,74,332) : 1
(134,367,349,517) : 1
(205,4,87,96) : 1
(567,484,752,827) : 1
(220,906,678,530) : 1
(123,748,161,40) : 1
(495,276,109,596) : 1
(9,25,471,21) : 1
(714,837,794,474) : 1
(99,42,273,870) : 1
(84,126,99,748) : 1
(523,397,583,466) : 1
(932,928,507,619) : 1
(154,680,262,130) : 1
(43,244,40,52) : 1
(108,258,600,910) : 1
(626,668,16,590) : 1
(975,416,566,819) : 1
(400,311,204,409) : 1
(3,41,35,162) : 1
(315,584,904,964) : 1
(200,801,610,206) : 1
(199,143,221,11) : 1
(74,391,317,94) : 1
(914,209,7,59) : 1
(175,412,40,11) : 1
(456,621,377,2) : 1
(791,475,502,125) : 1
(166,312,792,494) : 1
(501,266,315,392) : 1
(11,7,17,126) : 1
(979,885,965,828) : 1
