0, 1, 2, 3, 4, 5, 6, 7, 8, 9, 10, 11, 12, 13, 14, 15, 16, 17, 18, 19, 20, 21, 22, 23, 24, 25, 26, 27, 28, 29, 30, 31, 32, 33, 34, 35, 36, 37, 38, 39, 40, 41, 42, 43, 44, 45, 46, 47, 48, 49, 50, 51, 52, 53, 54, 55, 56, 57, 58, 59, 60, 61, 62, 63, 64, 65, 66, 67, 68, 69, 70, 71, 72, 73, 74, 75, 76, 77, 78, 79, 80, 81, 82, 83, 84, 85, 86, 87, 88, 89, 90, 91, 92, 93, 94, 95, 96, 97, 98, 99, 100, 101, 102, 103, 104, 105, 106, 107, 108, 109, 110, 111, 112, 113, 114, 115, 116, 117, 118, 119, 120, 121, 122, 123, 124, 125, 126, 127, 128, 129, 130, 131, 132, 133, 134, 135, 136, 137, 138, 139, 140, 141, 142, 143, 144, 145, 146, 147, 148, 149, 150, 151, 152, 153, 154, 155, 156, 157, 158, 159, 160, 161, 162, 163, 164, 165, 166, 167, 168, 169, 170, 171, 172, 173, 174, 175, 176, 177, 178, 179, 180, 181, 182, 183, 184, 185, 186, 187, 188, 189, 190, 191, 192, 193, 194, 195, 196, 197, 198, 199
A,B,C,D,E,F,G,H,I,J,K,L,M,N,O,P,Q,R,S,T,U,V,W,X,Y,Z,-+-+-+-+-
(194,181,121,2) : 1
(1,36,69,115) : 1
(9,146) : 1
(2,117,183,53) : 1
(56,124,30,123) : 1
(13,175,172,161) : 1
(147,157,115,184) : 1
(66,59,49,31) : 1
(180,157,121,176) : 1
(4,29,10,2) : 1
(183,66,189,59) : 1
(124,50,123,57) : 1
(61,165,57,64) : 1
(175,42,59,40) : 1
(41,44,152,11) : 1
(21,5,2,3) : 1
(17,63,79,52) : 1
(74,138,62,40) : 1
(185,66,175,138) : 1
(181,103,94,83) : 1
(154,183,29,165) : 1
(146,127,135,152) : 1
(132,144,47,60) : 1
(84,182,86,174) : 1
(62,152,5,9) : 1
(97,131,66,74) : 1
(76,129,107,164) : 1
(84,33,77,89) : 1
(13,2,17,48) : 1
(76,8,70,47) : 1
(198,50,40,60) : 1
(198,11,130,123) : 1
(147,11,31,74) : 1
(7,124,57,183) : 1
(123,62,56,46) : 1
(81,160,176,129) : 1
(30,59,112,23) : 1
(97,108,32,42) : 1
(107,93,145,31) : 1
(138,62,175,97) : 1
(30,45,51,127) : 1
(185,175,59,48) : 1
(7,62,161,2) : 1
(80,183,11,130) : 1
(95,198,123,99) : 1
(66,123,126,97) : 1
(109,49,146,37) : 1
(178,65,16,64) : 1
(7,1,0,45) : 1
(35,186,141,196) : 1
(181,85,177,157) : 1
(18,71,17,5) : 1
(94,11,172,31) : 1
(155,115) : 1
(48,99,108,161) : 1
(97,138,59,99) : 1
(175,40,108,185) : 1
(4,142,7,165) : 1
(13,1,9,21) : 1
(196,176,159,171) : 1
(35,162,40,37) : 1
(116,83,59,151) : 1
(107,59,159,125) : 1
(47,19,1,9) : 1
(181,5,175,22) : 1
(19,24,26,73) : 1
(90,116,74,121) : 1
(91,0,8,37) : 1
(101,77,110,17) : 1
(97,28,5,8) : 1
(40,33,16,17) : 1
(17,5,162,35) : 1
(139,41,109,194) : 1
(4,58,15,182) : 1
(11,154,27,198) : 1
(109,96,71,105) : 1
(38,28,48,0) : 1
(36,178,130,33) : 1
(31,17,21,72) : 1
(66,97,62,40) : 1
(67,83,74,164) : 1
(100,69,105,55) : 1
(189,66,185,126) : 1
(183,199,53,9) : 1
(6,122,16,57) : 1
(199,60,87,179) : 1
(9,195,41,96) : 1
(0,77,27,171) : 1
(11,185,16,31) : 1
(123,138,124,195) : 1
(11,176,66,59) : 1
(123,108,124,175) : 1
(127,6,55,31) : 1
(198,57,58,30) : 1
(148,33,65,36) : 1
(70,26,32,21) : 1
(56,126,161,131) : 1
(175,193,138,121) : 1
(150,85,121,20) : 1
(112,130,172,123) : 1
(152,153,114,127) : 1
(15,7,21,34) : 1
(151,150,31,7) : 1
(186,83,152,181) : 1
(138,59,48,97) : 1
(159,19,157,24) : 1
(138,112,40,130) : 1
(29,7,128,18) : 1
(3,4,100,167) : 1
(123,124,131,103) : 1
(187,178,123,117) : 1
(35,3,54,5) : 1
(30,80,14,74) : 1
(85,17,21,165) : 1
(175,62,161,40) : 1
(59,73,2,9) : 1
(11,92,66,2) : 1
(16,90,31,185) : 1
(175,15,189,17) : 1
(175,103,138,133) : 1
(63,14,19,24) : 1
(7,40,6,11) : 1
(87,146,174,28) : 1
(62,108,161,2) : 1
(119,41) : 1
(47,65,164,145) : 1
(109,85,41,15) : 1
(104,27,46,11) : 1
(109,7,5,12) : 1
(122,74,40,151) : 1
(59,99,108,161) : 1
(30,11,62,40) : 1
(59,48,159,62) : 1
(63,2,40,74) : 1
(128,91,2,16) : 1
(102) : 1
(175,86,141,102) : 1
(85,161,182,181) : 1
(175,40,42,21) : 1
(189,48,62,133) : 1
(60,85,188,98) : 1
(8,85,131,16) : 1
(56,40,17,59) : 1
(40,190,31) : 1
(51,52,67,19) : 1
(103,112,107,12) : 1
(189,90,130,28) : 1
(187,185,39,16) : 1
(5,1,60,18) : 1
(59,61,16,198) : 1
(37,0,82,53) : 1
(98,11,185,59) : 1
(123,5,49,94) : 1
(65,34,148,85) : 1
(2,101,146,71) : 1
(83,66,189,99) : 1
(81,30,11,181) : 1
(2,95,13,17) : 1
(145,57,53,147) : 1
(23,93,118,177) : 1
(21,20,72,25) : 1
(131,59,98,169) : 1
(94,107,159,99) : 1
(87,0,194,120) : 1
(171,181,69,123) : 1
(190,2,66,189) : 1
(42,39,50,5) : 1
(38,37,64,3) : 1
(2,66,7,59) : 1
(66,31,13,185) : 1
(40,123,59,133) : 1
(198,88,118,85) : 1
(46,43,6,80) : 1
(175,189,59,97) : 1
(4,60,12,52) : 1
(124,66,172,2) : 1
(62,199,159,26) : 1
(93,64,23,21) : 1
(127,64,114,92) : 1
(74,160,57,158) : 1
(82,188,165,4) : 1
(16,62,38,93) : 1
(156,14,0,192) : 1
(92,1,0,3) : 1
(4,91,157,43) : 1
(123,59,97,133) : 1
(15,7,161,2) : 1
(11,6,18,14) : 1
(182) : 1
(160,142,120,48) : 1
(168,93,25,29) : 1
(59,21,13,0) : 1
(93,29,16,45) : 1
(154,183,147,125) : 1
(80,74,57,49) : 1
(116,99,63,23) : 1
(16,33,22,23) : 1
(4,152,142,114) : 1
(67,21,171,88) : 1
(134,129,127,0) : 1
(31,189,39,84) : 1
(73,14) : 1
(66,30,22,84) : 1
(58,57,25,29) : 1
(2,18,59,8) : 1
(72,86,13,60) : 1
(16,5,50,53) : 1
(11,134,111,143) : 1
(185,80,198,11) : 1
(76,3,128,68) : 1
(138,39,98,165) : 1
(175,103,130,15) : 1
(153,150,83,18) : 1
(57,198,58,189) : 1
(97,10,56,40) : 1
(85,190,16,4) : 1
(196,103,32,183) : 1
(74,40,42,57) : 1
(5,20,33,3) : 1
(30,95,60,194) : 1
(57,38,97,56) : 1
(99,7,5,8) : 1
(1,79,21,12) : 1
(175,59,48,108) : 1
(8,82,85,9) : 1
(9,53,24,12) : 1
(153,66,123,99) : 1
(17,198,16,68) : 1
(62,40,94,74) : 1
(97,66,40,190) : 1
(150,45,164,85) : 1
(0,13,58,54) : 1
(82,148,3,21) : 1
(97,50,102,46) : 1
(2,66,197,59) : 1
(50,25,10,1) : 1
(59,172,123,17) : 1
(30,9,94,27) : 1
(133,16,48,84) : 1
(21,134,143) : 1
(146,16,164,170) : 1
(60,156,83,157) : 1
(44,49,92,66) : 1
(57,17,80,82) : 1
(67,1,184) : 1
(120,15,63,2) : 1
(51,11,49,77) : 1
(141,28,173,87) : 1
(83,30,23,37) : 1
(74,34,14,121) : 1
(179,69,5,33) : 1
(150,24,197,178) : 1
(9,29,1,52) : 1
(166,102,19,103) : 1
(88,36,147,106) : 1
(69,197,15,13) : 1
(66,140,22,117) : 1
(121,85,2,33) : 1
(31,6,36,7) : 1
(45,14,7,120) : 1
(161,160,156,125) : 1
(88,29,7,107) : 1
(132,95,20,48) : 1
(189,39,31,84) : 1
(138,189,198,130) : 1
(14,73,178,195) : 1
(19,57,8,149) : 1
(94,38,17,108) : 1
(114,189,190,79) : 1
(107,118,64,186) : 1
(11,103,175,62) : 1
(189,198,90,11) : 1
(13,1,9) : 1
(157,27,28,163) : 1
(42,198,85,175) : 1
(14,195,73,153) : 1
(62,40,39,57) : 1
(123,185,95,11) : 1
(99,17,172,123) : 1
(195,2,53,194) : 1
(57,125,149,86) : 1
(196,159,64,39) : 1
(189,39,16,103) : 1
(196,159,163,171) : 1
(79,10,11,74) : 1
(19,26,11,186) : 1
(175,108,31,120) : 1
(40,82,11,28) : 1
(131,61,137,118) : 1
(18,191,134,21) : 1
(58,157,2,9) : 1
(189,99,95,80) : 1
(103,11,59,117) : 1
(58,103,45,18) : 1
(53,29,1,0) : 1
(8,84,70,181) : 1
(31,189,63,33) : 1
(171,184,106,197) : 1
(161,49,32,183) : 1
(62,111,6,198) : 1
(29,35,67,91) : 1
(196,33,131,80) : 1
(108,124,55,25) : 1
(75,149,2,194) : 1
(196,197,138,85) : 1
(165,173,125,163) : 1
(16,56,112,6) : 1
(39,171,193,180) : 1
(15,2,131,189) : 1
(107) : 1
(42,90,85,151) : 1
(161,148,29,139) : 1
(34,170,167,191) : 1
(54,0,46,10) : 1
(36,152,141) : 1
(175,172,126,48) : 1
(139,72,57,155) : 1
(7,59,175,31) : 1
(52,146,21,195) : 1
(80,175,138,0) : 1
(13,191,39,25) : 1
(21,44,65,72) : 1
(64,81,7,8) : 1
(171,60,88,116) : 1
(138,40,33,198) : 1
(162,74,83,64) : 1
(97,16,182,157) : 1
(107,36,65) : 1
(15,40,111,56) : 1
(3,7,0,30) : 1
(11,130,7,17) : 1
(13,185,166,11) : 1
(86,26,83,24) : 1
(37,2,23,196) : 1
(99,97,0,132) : 1
(6,0,198,34) : 1
(161,85,142,84) : 1
(5,21,12,72) : 1
(146,45,41,181) : 1
(31,40,107,178) : 1
(132,85,6,70) : 1
(103,31,15,7) : 1
(38,5,144,60) : 1
(62,108,131,6) : 1
(189,185,28,39) : 1
(141,54,69,40) : 1
(85,37,77,118) : 1
(123,66,7,59) : 1
(149,40,94,144) : 1
(42,6,56,37) : 1
(40,138,30,132) : 1
(175,59,103,185) : 1
(156,71,122,57) : 1
(79,37,74,70) : 1
(199,57,145) : 1
(116,5,20,57) : 1
(13,81,96,130) : 1
(12,5,159,4) : 1
(31,39,20,185) : 1
(3,170,41,79) : 1
(191,135,152,7) : 1
(137,124,154,74) : 1
(189,48,99,56) : 1
(37,57,33,79) : 1
(116,157,58,5) : 1
(23,64,142,41) : 1
(107,171,88,11) : 1
(175,172,62,42) : 1
(17,48,99,97) : 1
(159,58,49,46) : 1
(175,40,94,137) : 1
(175,40,74,190) : 1
(21,10,146,155) : 1
(175,172,48,2) : 1
(172,198,57,197) : 1
(42,94,97,15) : 1
(97,140,132,137) : 1
(12,17,117,199) : 1
(95,107,88,121) : 1
(161,131,95,130) : 1
(99,161,133,42) : 1
(181,176,138,185) : 1
(52,54,186,35) : 1
(39,31,189,138) : 1
(82,96,14,44) : 1
(16,58,36,48) : 1
(58,52,65,14) : 1
(79,8,128,70) : 1
(97,56,40,190) : 1
(9,27,103,66) : 1
(86,13,143,67) : 1
(144) : 1
(51,71,115,18) : 1
(37,14,86,8) : 1
(34,36,19,26) : 1
(37,27,46,143) : 1
(15,63,112,104) : 1
(68,75,55,73) : 1
(172,15,48,133) : 1
(108,183,116,73) : 1
(122,63,47,70) : 1
(175,48,56,90) : 1
(25,29,171,89) : 1
(2,137,172,120) : 1
(62,40,42,66) : 1
(90,11,68,15) : 1
(18,184,14,125) : 1
(189,59,99,97) : 1
(181,40,33,22) : 1
(57,35,67,149) : 1
(18,68,75,161) : 1
(42,39,181,86) : 1
(90,82,161,181) : 1
(148,67,31,6) : 1
(192,134,65,88) : 1
(98,167,192,11) : 1
(83,171,138,81) : 1
(8,4,29,49) : 1
(189,42,30,131) : 1
(15,19,95,151) : 1
(158,114,127,85) : 1
(40,183,175,48) : 1
(97,56,112,104) : 1
(158,136,74,112) : 1
(167) : 1
(85,43,40,16) : 1
(9,15,7,51) : 1
(58,198,157,189) : 1
(13,71,92,135) : 1
(62,40,56,48) : 1
(189,59,132,84) : 1
(99,86,116,175) : 1
(159,55,7,8) : 1
(182,71,122,107) : 1
(9,138,97,47) : 1
(51,76,141,3) : 1
(62,99,97,161) : 1
(16,195,136,92) : 1
(59,62,97,30) : 1
(94,66,133,56) : 1
(149,175,172,31) : 1
(159,24,180,176) : 1
(37,120,154,39) : 1
(198,84,80,16) : 1
(107,66,59,33) : 1
(66,97,57,197) : 1
(139,113,179,120) : 1
(161,13,120,17) : 1
(31,138,80,90) : 1
(74,6,166,158) : 1
(38,90,97,40) : 1
(64,5,4,136) : 1
(79,82,188,53) : 1
(5,22,6,47) : 1
(49,156,4,58) : 1
(16,54,43,2) : 1
(40,183,85,122) : 1
(58,189,161,133) : 1
(5,12,1,35) : 1
(3,16,57,25) : 1
(126,62,161,104) : 1
(159,66,123,161) : 1
(103,130,66,175) : 1
(162,0,4,43) : 1
(41,19,24,26) : 1
(63,10,109,73) : 1
(40,42,159,138) : 1
(54,44,175,152) : 1
(66,59,48,99) : 1
(181,42,175,56) : 1
(138,159,199,142) : 1
(99,157,7,180) : 1
(189,59,99,175) : 1
(199,182,145,57) : 1
(197,193,199,147) : 1
(160,33,66,17) : 1
(76,45,169,103) : 1
(97,62,108,7) : 1
(161,123,15,189) : 1
(100,3,91,43) : 1
(74,17,18,101) : 1
(99,36,157,198) : 1
(62,42,61,188) : 1
(35,138,43,50) : 1
(128,130,31,189) : 1
(45,104,55,93) : 1
(40,42,56,6) : 1
(19,24,43,97) : 1
(35,72,19,24) : 1
(5,190,198,19) : 1
(56,40,66,74) : 1
(193) : 1
(123,62,117,61) : 1
(103,130,197,172) : 1
(45,1,88,101) : 1
(100,45,57,98) : 1
(165,163,86,11) : 1
(169,15,3,10) : 1
(123) : 1
(123,15,7,17) : 1
(180,176,129,34) : 1
(94,59,62,83) : 1
(99,183,197,29) : 1
(83,182,58,87) : 1
(40,103,99,97) : 1
(16,196,106,171) : 1
(180,19,24,23) : 1
(13,5,1,0) : 1
(22,6,52,18) : 1
(66,196,88,170) : 1
(149,195,54) : 1
(98,167,91,96) : 1
(175,40,58,21) : 1
(31,189,138,130) : 1
(94,141,79,24) : 1
(103,0,42,9) : 1
(97,1,65,13) : 1
(167,157,149,74) : 1
(25,188,119,2) : 1
(9,171,142,154) : 1
(14,54,11,152) : 1
(11,138,185,39) : 1
(30,126,97,112) : 1
(38,160,66,6) : 1
(63,53,120,1) : 1
(110,76,45,164) : 1
(44,186,122,62) : 1
(181,85,4,125) : 1
(108,133,124,48) : 1
(9,57,44,1) : 1
(32,110,153,44) : 1
(150,9,50,73) : 1
(39,80,67,149) : 1
(15,161,94,175) : 1
(116,149,105,69) : 1
(0,40,174,48) : 1
(11,31,189,39) : 1
(92) : 1
(28,63,34,138) : 1
(79,14) : 1
(89,5,12,36) : 1
(9,5,12,20) : 1
(11,0,96,44) : 1
(69,105,19,83) : 1
(189,126,61,138) : 1
(84,62,33,28) : 1
(193,85,154,28) : 1
(183,37,156,178) : 1
(24,43,26,153) : 1
(58,5,12,20) : 1
(2,42,121,3) : 1
(175,131,66,31) : 1
(74,176,125,11) : 1
(99,42,88,58) : 1
(38,17,46,12) : 1
(74,103,52,34) : 1
(77,138,1,0) : 1
(59,23,175,172) : 1
(97,154,62,32) : 1
(58,157,13,107) : 1
(6,2,13,0) : 1
(13,62,0,30) : 1
(42,190,94,198) : 1
(45,12,89,194) : 1
(50,39,80,193) : 1
(102,59,183,57) : 1
(99,190,59,2) : 1
(181,4,2,168) : 1
(56,23,183,123) : 1
(74,183,25,29) : 1
(134,110,95,59) : 1
(4,87,96,53) : 1
(19,179,135,169) : 1
(3,138,125,35) : 1
(123,161,40,62) : 1
(109,192,129,116) : 1
(9,25,21,72) : 1
(59,40,124,172) : 1
(99,42,97,62) : 1
(84,126,99,94) : 1
(175,62,198,103) : 1
(10,139,125,89) : 1
(154,130,66,172) : 1
(43,40,52,37) : 1
(108,113,93,147) : 1
(16,58,13,156) : 1
(59,112,42,8) : 1
(84,16,159,30) : 1
(3,41,35,162) : 1
(176,189,59,131) : 1
(135,126,124,58) : 1
(199,143,11,15) : 1
(74,94,175,62) : 1
(7,59,196,180) : 1
(175,40,11,130) : 1
(2,160,7,0) : 1
(125,175,149,11) : 1
(166,28,102,74) : 1
(94,103,175,189) : 1
(11,7,17,126) : 1
(101,59,1,40) : 1
