0, 1, 2, 3, 4, 5, 6, 7, 8, 9, 10, 11, 12, 13, 14, 15, 16, 17, 18, 19, 20, 21, 22, 23, 24, 25, 26, 27, 28, 29, 30, 31, 32, 33, 34, 35, 36, 37, 38, 39, 40, 41, 42, 43, 44, 45, 46, 47, 48, 49
A,B,C,D,E,F,G,H,I,J,K,L,M,N,O,P,Q,R,S,T,U,V,W,X,Y,Z,-+-+-+-+-
(2,49,39,16) : 1
(1,36,44) : 1
(9) : 2
(2,4,31,15) : 1
(30,17,1,40) : 1
(13,2,48,40) : 1
(36,8,30,27) : 1
(49,31,7,0) : 1
(18,33,19,24) : 1
(4,29,10,2) : 1
(48,34,1,30) : 1
(15,18,4,36) : 1
(42,40,23,2) : 1
(41,44,11,10) : 1
(21,5,2,3) : 1
(17,15,16,47) : 1
(40,42,34,30) : 1
(40,0,6,49) : 1
(41,36,32,27) : 1
(29,46,19,26) : 1
(19,26,43,21) : 1
(47,31,2,28) : 1
(31,48,22,16) : 1
(5,9,18,25) : 1
(17,40,0,30) : 1
(11,16,37,5) : 1
(34,47,43,6) : 1
(13,2,17,48) : 1
(8,47,7,5) : 1
(40,48,16,12) : 1
(11,39,16,31) : 2
(11,31,17,37) : 1
(7,24,47,37) : 1
(45,23,13,17) : 1
(1) : 2
(30,23,1,0) : 1
(32,42,2,0) : 1
(31,15,32,22) : 1
(30,22,45,7) : 1
(30,46,0,25) : 1
(48,40,16,30) : 1
(7,2,34,30) : 1
(11,39,16,5) : 1
(16,47,37,33) : 1
(40,23,31,48) : 1
(49,37,3,10) : 1
(16,37,4) : 1
(7,1,0,46) : 1
(35,37,4,11) : 1
(40,34,9,21) : 1
(18,17,5,12) : 1
(11,31,15,13) : 1
(48,42,23,7) : 1
(34,17,2,42) : 1
(40,30,49,38) : 1
(4,7,6,20) : 1
(13,1,9,21) : 1
(3,31,13,46) : 1
(35,40,37,1) : 1
(37,7,34,6) : 1
(14,13,34,16) : 1
(47,19,1,9) : 1
(5,22,6,18) : 1
(19,24,26,8) : 1
(2,46,11,7) : 1
(0,8,37,13) : 1
(17,0,33,14) : 1
(28,5,8,20) : 1
(40,34,16,17) : 1
(17,5,35,41) : 1
(41,2,28,21) : 1
(4,15,23,47) : 1
(11,27,0,6) : 1
(41,43,5,12) : 1
(38,28,48,0) : 1
(36,34,22,37) : 1
(31,17,21,43) : 1
(40,42,0,32) : 1
(11,27,45,15) : 1
(47,6,35,32) : 1
(48,30,6,23) : 1
(6,16,25,10) : 1
(9,41,13,1) : 1
(0,27,33,37) : 1
(11,16,31,5) : 1
(1,49,48,40) : 1
(11,1,27,39) : 1
(15,40,0,42) : 1
(6,31,8,46) : 1
(30,39,16,47) : 1
(34,36,3,21) : 1
(26,32,21,33) : 1
(23,17,48,2) : 1
(2,30,0,34) : 1
(20,29,14,36) : 1
(17,48,34,30) : 1
(32,45,40,42) : 1
(15,7,21,33) : 1
(31,7,0,9) : 1
(1,4,19,24) : 1
(48,2,40,11) : 1
(19,24,6,33) : 1
(40,15,17,48) : 1
(29,7,18,25) : 1
(3,4,47,6) : 1
(11,7,0,17) : 1
(5,0,3,21) : 1
(35,3,5,20) : 1
(30,14,16,7) : 1
(17,21,9,3) : 1
(40,31,48,42) : 1
(2,9,38,28) : 1
(11,2,0,33) : 1
(16,31,39,5) : 1
(15,17,40,34) : 1
(6,16,44,15) : 1
(14,19,24,26) : 1
(7,40,6,11) : 1
(28,1,8,3) : 1
(2,40,6,27) : 1
(41) : 1
(47,12,7,5) : 1
(41,15,6,27) : 1
(27,45,11,30) : 1
(7,5,12,25) : 1
(40,11,5,23) : 1
(38,13,7,17) : 1
(30,11,40,32) : 1
(48,36,30,16) : 1
(2,40,17,30) : 1
(2,16,20,10) : 1
(36,35,43,44) : 1
(11,13,27,12) : 1
(40,42,21,33) : 1
(48,6,8,23) : 1
(49,43,0,35) : 1
(8,16,17,30) : 1
(40,17,48,1) : 1
(40,31) : 1
(19,24,26,0) : 1
(12,33,37,6) : 1
(28,39,16,31) : 1
(39,16,11) : 1
(5,1,18,28) : 1
(16,12,18,37) : 1
(37,0) : 1
(11,27,23,5) : 1
(5,49,40,0) : 1
(33,9,10) : 1
(2,7,34,6) : 1
(39,16,24,22) : 1
(30,11,1) : 1
(2,13,17,38) : 1
(23,12,20,7) : 1
(21,20,25,7) : 1
(34,39,42,22) : 1
(46,3,2,0) : 1
(0,2,28,21) : 1
(40,37,22,6) : 1
(2,17,40,32) : 1
(42,39,5,49) : 1
(38,37,3,33) : 1
(2,7,34,27) : 1
(31,13,48,2) : 1
(40,2,27,23) : 1
(19,24,26,5) : 1
(45,43,6,16) : 1
(40,42,23,39) : 1
(4,12,18,5) : 1
(2,30,23,15) : 1
(26,16,8,17) : 1
(23,21,30,6) : 1
(41,44) : 1
(11,32,27,45) : 1
(4,11,5,32) : 1
(16,38,49,0) : 1
(14,0) : 1
(1,0,3,4) : 1
(4,43,35,1) : 1
(17,7,30,11) : 1
(15,7,2,3) : 1
(11,6,18,14) : 1
(48,8,25,4) : 1
(25,29,24,7) : 1
(21,13,0,25) : 1
(29,16,46,19) : 1
(0,34,20,15) : 1
(49,35,11,42) : 1
(23,31,17,30) : 1
(16,34,22,23) : 1
(4,1,35,7) : 1
(21,14,35,19) : 1
(0,26,5) : 1
(31,39,16,11) : 1
(14) : 3
(30,22,7,8) : 1
(25,29,36,0) : 1
(2,18,8,35) : 1
(13,20,25,14) : 1
(16,5,25,32) : 1
(11,21,47,18) : 1
(11,39,16) : 1
(3,25,2,0) : 1
(39,11,32,27) : 1
(15,7,2,0) : 1
(18,24) : 1
(49,29,45,42) : 1
(10,40,15,39) : 1
(16,4,6,9) : 1
(32,29,31,13) : 1
(40,42,3,15) : 1
(5,20,34,3) : 1
(30,14,27,12) : 1
(38,34,45,42) : 1
(7,5,8,26) : 1
(1,21,12,13) : 1
(48,40,42,6) : 1
(8,9,17,27) : 1
(9,24,12,5) : 1
(6,27,45,39) : 1
(17,16,11,7) : 1
(40,25,34,38) : 1
(40,23,39,31) : 1
(46,14) : 1
(0,13,43,14) : 1
(3,21) : 1
(45,42,30,8) : 1
(2,1,30,22) : 1
(25,10,1,9) : 1
(17,40,27,38) : 1
(30,9,27,23) : 1
(16,48,34,30) : 1
(21) : 1
(16,0,2,10) : 1
(31,17,8,20) : 1
(44,49,5,12) : 1
(17,40,49,39) : 1
(15,2,1,0) : 1
(11,49,32) : 1
(28) : 1
(30,23,37,16) : 1
(33,14,27,40) : 1
(5,34,12,20) : 1
(24) : 1
(9,29,1,4) : 1
(19,31,35) : 1
(36,10,41,15) : 1
(15,13,25,4) : 1
(22,3,13,2) : 1
(2,34,37,11) : 1
(31,6,36,7) : 1
(46,14,7,38) : 1
(11,34,42,20) : 1
(29,7,14,17) : 1
(20,48,0,15) : 1
(39,31,16,11) : 1
(39,31,28,16) : 1
(14,31,46) : 1
(19,8,1,37) : 1
(38,17,23,28) : 1
(5,49,23,45) : 1
(0,37,35,13) : 1
(11,17,5,40) : 1
(11,5,16,31) : 1
(13,1,9) : 1
(27,28,11,0) : 1
(42,40,49,33) : 1
(40,39,34,23) : 1
(11,49,3,28) : 1
(17,15,2,1) : 1
(2,21) : 1
(37,49,36,35) : 1
(39,7,35,29) : 1
(39,16,42,6) : 1
(10,11,13,17) : 1
(19,26,11,44) : 1
(31,40,28,10) : 1
(40,11,28,3) : 1
(15,13,49,27) : 1
(18,21,10,41) : 1
(2,9,25,4) : 1
(34,17,48,8) : 1
(11,35,42,16) : 1
(46,18,36) : 1
(29,1,0,3) : 1
(8,7,48,34) : 1
(31,34,39,7) : 1
(31,5,6,33) : 1
(49,32,29,14) : 1
(6,23,30,49) : 1
(29,35) : 1
(34,42,17,49) : 1
(25,29,10,7) : 1
(2,29,1,9) : 1
(35,18) : 1
(8) : 1
(16,6,47,4) : 1
(39,42,34,22) : 1
(15,2,48,40) : 1
(42,24,14,40) : 1
(29,17,22,36) : 1
(33,5,39,12) : 1
(0,45,10,7) : 1
(36) : 2
(48,40,34,22) : 1
(21,35,49,16) : 1
(7,31,34,18) : 1
(21,28) : 1
(0,30,31,47) : 1
(13,39,25,4) : 1
(21,44,13,17) : 1
(7,8,47,32) : 1
(13,1,3,21) : 1
(40,34,42,6) : 1
(35,43,10,36) : 1
(16,31,7,17) : 1
(15,40,34,6) : 1
(3,7,0,30) : 1
(11,7,17,9) : 1
(13,11,31,15) : 1
(26,24,3,13) : 1
(37,2,23,31) : 1
(0,48,2,40) : 1
(6,0,33,47) : 1
(18,33,10) : 1
(5,21,12,46) : 1
(46,41,29,25) : 1
(31,40,14,46) : 1
(6,28,15,2) : 1
(31,15,7,48) : 1
(38,5,44,13) : 1
(6,49,45,48) : 1
(28,39,21,11) : 1
(40,44,6,4) : 1
(37,35,44,5) : 1
(7,42,30,27) : 1
(40,22,27,16) : 1
(42,6,37,18) : 1
(40,30,47,43) : 1
(23,17,0,32) : 1
(37,4,8,18) : 1
(5,20,9,3) : 1
(13,7,42,8) : 1
(12,5,4,19) : 1
(31,39,20,5) : 1
(3,41,14,36) : 1
(7,8,47,25) : 1
(9,17,12,33) : 1
(48,16,42,34) : 1
(37,34,17,49) : 1
(5,28,20,12) : 1
(23,41,19,26) : 1
(11,17,0,38) : 1
(42,17,34,49) : 1
(17,48,22,27) : 1
(49,45,40,0) : 1
(40,7,48,0) : 1
(40,31,14,17) : 1
(21,10,41,43) : 1
(48,2,40,42) : 1
(1,23,13,7) : 1
(42,15,47,8) : 1
(17,11,0,20) : 1
(12,17,29) : 1
(40,22,6,47) : 1
(13,40,32,42) : 1
(42,23,48,6) : 1
(30,45,16,33) : 1
(35) : 1
(39,31,11,5) : 1
(14,44,38,7) : 1
(16,36,48,34) : 1
(14,18) : 1
(8,46,7,36) : 1
(40,27,38,45) : 1
(9,27,48,2) : 1
(13,1,11) : 1
(18,31) : 1
(37,14,8,7) : 1
(33,36,19,26) : 1
(37,27,45,19) : 1
(15,32,22,6) : 1
(15,7,2) : 1
(15,48,2,32) : 1
(7,46,10,31) : 1
(47,5,12,25) : 1
(48,5,47,12) : 1
(25,29,5,1) : 1
(2,5,3,14) : 1
(40,42,13,48) : 1
(11,15,47,4) : 1
(18,14,2,1) : 1
(40,48,49,45) : 1
(40,34,22,37) : 1
(35,4,12,37) : 1
(18,0,3,14) : 1
(42,39,49,41) : 1
(3,41,6,44) : 1
(31,6,33,37) : 1
(1,9,3,14) : 1
(11,16,21,10) : 1
(7,2,22,17) : 1
(8,4,29,49) : 1
(42,30,28,17) : 1
(15,19,41,24) : 1
(7,36,19,2) : 1
(40,48,49,35) : 1
(48,17,30,27) : 1
(0,21,20,35) : 1
(43,40,16,48) : 1
(9,15,7,3) : 1
(42,49,30,16) : 1
(13,36,43,1) : 1
(40,48,42,30) : 1
(0,23,39,16) : 1
(42,38,19,49) : 1
(7,8,25,24) : 1
(46) : 1
(9,47,12,15) : 1
(3,4,29,11) : 1
(40,6,49,23) : 1
(16,0,9,38) : 1
(30,17,48,0) : 1
(40,34,49,38) : 1
(31,4,17,40) : 1
(24,31,9,14) : 1
(37,39,14,7) : 1
(16,22,39,11) : 1
(34,6,47,20) : 1
(9,39,16,20) : 1
(2,14) : 1
(13,17,48,40) : 1
(31,39,11,5) : 1
(6,14,33,7) : 1
(38,40,42,30) : 1
(5,4) : 1
(35,43,11,17) : 1
(5,22,6,47) : 1
(49,4,32,34) : 1
(16,43,2,0) : 1
(40,32,42,30) : 1
(34,12,22,47) : 1
(5,12,1,35) : 1
(3,16,25,9) : 1
(48,2,1,40) : 1
(42,27,39,16) : 1
(31,15,13,17) : 1
(0,4,43,2) : 1
(41,19,24,26) : 1
(10,1) : 1
(40,42,49,7) : 1
(44,48,32,4) : 1
(48,2,34,30) : 1
(42,40,34,27) : 1
(7,20,25,5) : 1
(30,11,48,45) : 1
(26,13,23,39) : 1
(34,17,39,37) : 1
(46,42,16,49) : 1
(7,23,22,27) : 1
(15,48,40,30) : 1
(3,43,1,4) : 1
(17,18,22,43) : 1
(36,40,42,43) : 1
(42,43,11,0) : 1
(35,43,0,42) : 1
(31,21,11,5) : 1
(46,36,22,8) : 1
(40,42,6,20) : 1
(19,24,43,37) : 1
(35,19,24,26) : 1
(5,19,24,26) : 1
(40,15,30,38) : 1
(32,11,5,0) : 1
(31,13,16) : 1
(46,1) : 1
(46,32,25,29) : 1
(11,2,34,19) : 1
(15,3,10,41) : 1
(15,7,17,48) : 1
(33) : 1
(36,2,42,27) : 1
(29,19,6,24) : 1
(0,1,9,18) : 1
(40,42,30,49) : 1
(16,24,26,31) : 1
(19,24,23,10) : 1
(13,5,1,0) : 1
(22,6,18,5) : 1
(6,14,36,7) : 1
(1,0) : 1
(40,21,31,0) : 1
(31,39,16,28) : 1
(24,11,32,28) : 1
(0,42,9,10) : 1
(1,13,31,7) : 1
(15,42,34,22) : 1
(25,2,1,3) : 1
(9,32,16,33) : 1
(14,11,17,2) : 1
(30,34,49,17) : 1
(38,6,5,3) : 1
(1,6,8,3) : 1
(46,11,0,4) : 1
(44,40,14,11) : 1
(4,29,14) : 1
(48,49,23,22) : 1
(9,44,1,42) : 1
(32,44,27,45) : 1
(9,1,43,35) : 1
(39,4,19,15) : 1
(15,42,11,48) : 1
(2,49,37,43) : 1
(0,40,48,32) : 1
(11,31,39,16) : 1
(28,33,6,8) : 1
(5,12,36,0) : 1
(9,5,12,20) : 1
(11,0,44,1) : 1
(19,24,26,41) : 1
(16,2,0,9) : 1
(34,28,4,13) : 1
(28,45,32,9) : 1
(37,42,23,33) : 1
(24,43,26,19) : 1
(5,12,20,37) : 1
(2,42,3,25) : 1
(31,17,48,2) : 1
(11,8,31,40) : 1
(42,28,39,37) : 1
(38,17,45,12) : 1
(33,0,27,45) : 1
(1,0,49,33) : 1
(23,17,48,40) : 1
(32,17,48,30) : 1
(13,20,5,6) : 1
(6,2,13,0) : 1
(13,0,30,23) : 1
(42,21,15,7) : 1
(46,12,33) : 1
(39,11,17,0) : 1
(14,17,42,36) : 1
(2,23,17,30) : 1
(4,2) : 1
(23,34,28,16) : 1
(25,29,11,42) : 1
(27,11,32,22) : 1
(4,0,29,10) : 1
(19,5,3,12) : 1
(3,35,27,2) : 1
(40,2,42,23) : 1
(44,14,2,21) : 1
(9,25,21,29) : 1
(40,0,30,37) : 1
(42,23,15,17) : 1
(17,2,1,0) : 1
(49,31,15,48) : 1
(10,0,29,5) : 1
(48,34,2,1) : 1
(43,40,37,34) : 1
(17,42,21,20) : 1
(16,13) : 1
(42,8,36,43) : 1
(16,30,37,11) : 1
(3,41,35) : 1
(17,40,35,43) : 1
(7,17,34,16) : 1
(11,15,18,35) : 1
(40,31,0,30) : 1
(7,30,23,39) : 1
(40,11,7,42) : 1
(2,7,0,30) : 1
(11,6,39,16) : 1
(28,5,2,23) : 1
(17,42,49,33) : 1
(11,7,17,6) : 1
(1,40,0,42) : 1
