0, 1, 2, 3, 4, 5, 6, 7, 8, 9, 10, 11, 12, 13, 14, 15, 16, 17, 18, 19, 20, 21, 22, 23, 24, 25, 26, 27, 28, 29, 30, 31, 32, 33, 34, 35, 36, 37, 38, 39
A,B,C,D,E,F,G,H,I,J,K,L,M,N,O,P,Q,R,S,T,U,V,W,X,Y,Z,-+-+-+-+-
(2,39,16,37) : 1
(1,36) : 1
(9) : 2
(2,4,31,15) : 1
(30,17,1,32) : 1
(13,2,9,8) : 1
(36,8,30,27) : 1
(31,7,0,22) : 1
(18,33,19,24) : 1
(4,29,10,2) : 1
(34,1,30,6) : 1
(15,18,4,36) : 1
(23,2,1,34) : 1
(11,10,32,27) : 1
(21,5,2,3) : 1
(17,15,16,29) : 1
(34,30,32,39) : 1
(0,6,37,15) : 1
(36,32,27,35) : 1
(29,19,26,14) : 1
(19,26,21,35) : 1
(31,2,28,21) : 1
(31,22,16,13) : 1
(5,9,18,25) : 1
(17,0,30,15) : 1
(11,16,37,5) : 1
(34,6,23,3) : 1
(13,2,17,16) : 1
(8,7,5,1) : 1
(16,12,18,33) : 1
(11,39,16,31) : 2
(11,31,17,37) : 1
(7,24,37,16) : 1
(23,13,17,38) : 1
(1) : 3
(30,23,1,0) : 1
(32,2,0,34) : 1
(31,15,32,22) : 1
(30,22,7,27) : 1
(30,0,25,4) : 1
(16,30,23,12) : 1
(7,2,34,30) : 1
(11,39,16,5) : 1
(16,37,33,11) : 1
(23,31,1,11) : 1
(37,3,10,15) : 1
(16,37,4) : 1
(7,1,0,9) : 1
(35,37,4,11) : 1
(34,9,21,30) : 1
(18,17,5,12) : 1
(11,31,15,13) : 1
(23,7,2,1) : 1
(34,17,2,38) : 1
(30,38,23,17) : 1
(4,7,6,20) : 1
(13,1,9,21) : 1
(3,31,13,19) : 1
(35,37,1,25) : 1
(37,7,34,6) : 1
(14,13,34,16) : 1
(19,1,9,25) : 1
(5,22,6,18) : 1
(19,24,26,8) : 1
(2,11,7,28) : 1
(0,8,37,13) : 1
(17,0,33,14) : 1
(28,5,8,20) : 1
(34,16,17,0) : 1
(17,5,35,11) : 1
(2,28,21,14) : 1
(4,15,23,35) : 1
(11,27,0,6) : 1
(5,12,18,20) : 1
(38,28,0,3) : 1
(36,34,22,37) : 1
(31,17,21,13) : 1
(0,32,30,27) : 1
(11,27,15,5) : 1
(6,35,32,33) : 1
(30,6,23,33) : 1
(6,16,25,10) : 1
(9,13,1,19) : 1
(0,27,33,37) : 1
(11,16,31,5) : 1
(1,0,34,17) : 1
(11,1,27,39) : 1
(15,0,34,30) : 1
(6,31,8,28) : 1
(30,39,16,21) : 1
(34,36,3,21) : 1
(26,32,21,33) : 1
(23,17,2,1) : 1
(2,30,0,34) : 1
(20,29,14,36) : 1
(17,34,30,6) : 1
(32,9,18,20) : 1
(15,7,21,33) : 1
(31,7,0,9) : 1
(1,4,19,24) : 1
(2,11,30,7) : 1
(19,24,6,33) : 1
(15,17,32,34) : 1
(29,7,18,25) : 1
(3,4,6,37) : 1
(11,7,0,17) : 1
(5,0,3,21) : 1
(35,3,5,20) : 1
(30,14,16,7) : 1
(17,21,9,3) : 1
(31,34,23,28) : 1
(2,9,38,28) : 1
(11,2,0,33) : 1
(16,31,39,5) : 1
(15,17,34,30) : 1
(6,16,15,23) : 1
(14,19,24,26) : 1
(7,6,11,5) : 1
(28,1,8,3) : 1
(2,6,27,8) : 1
(12,7,5,3) : 1
(15,6,27,16) : 1
(27,11,30,38) : 1
(7,5,12,25) : 1
(11,5,23,12) : 1
(38,13,7,17) : 1
(30,11,32,27) : 1
(36,30,16,29) : 1
(2,17,30,27) : 1
(2,16,20,10) : 1
(36,35,5,18) : 1
(11,13,27,12) : 1
(21,33,15,6) : 1
(6,8,23,15) : 1
(0,35) : 1
(8,16,17,30) : 1
(17,1,30,23) : 1
(31) : 1
(19,24,26,0) : 1
(12,33,37,6) : 1
(28,39,16,31) : 1
(39,16,11) : 1
(5,1,18,28) : 1
(16,12,18,37) : 1
(37,0) : 1
(11,27,23,5) : 1
(5,0,6,37) : 1
(33,9,10) : 1
(2,7,34,6) : 1
(39,16,24,22) : 1
(30,11,1) : 1
(2,13,17,38) : 1
(23,12,20,7) : 1
(21,20,25,7) : 1
(34,39,22,23) : 1
(3,2,0,27) : 1
(0,2,28,21) : 1
(37,22,6,33) : 1
(2,17,32,22) : 1
(39,5,16,12) : 1
(38,37,3,33) : 1
(2,7,34,27) : 1
(31,13,2,0) : 1
(2,27,23,17) : 1
(19,24,26,5) : 1
(6,16,34,11) : 1
(23,39,11,31) : 1
(4,12,18,5) : 1
(2,30,23,15) : 1
(26,16,8,17) : 1
(23,21,30,6) : 1
(11,32,27,24) : 1
(4,11,5,32) : 1
(16,38,0,34) : 1
(14,0) : 1
(1,0,3,4) : 1
(4,35,1,10) : 1
(17,7,30,11) : 1
(15,7,2,3) : 1
(11,6,18,14) : 1
(8,25,4,35) : 1
(25,29,24,7) : 1
(21,13,0,25) : 1
(29,16,19,7) : 1
(0,34,20,15) : 1
(35,11,6,38) : 1
(23,31,17,30) : 1
(16,34,22,23) : 1
(4,1,35,7) : 1
(21,14,35,19) : 1
(0,26,5) : 1
(31,39,16,11) : 1
(14) : 4
(30,22,7,8) : 1
(25,29,36,0) : 1
(2,18,8,35) : 1
(13,20,25,14) : 1
(16,5,25,32) : 1
(11,21,18,19) : 1
(11,39,16) : 1
(3,25,2,0) : 1
(39,11,32,27) : 1
(15,7,2,0) : 1
(18,24) : 1
(29,30,28,37) : 1
(10,15,39,34) : 1
(16,4,6,9) : 1
(32,29,31,13) : 1
(3,15,2,22) : 1
(5,20,34,3) : 1
(30,14,27,12) : 1
(38,34,16,11) : 1
(7,5,8,26) : 1
(1,21,12,13) : 1
(6,38,23,0) : 1
(8,9,17,27) : 1
(9,24,12,5) : 1
(6,27,39,33) : 1
(17,16,11,7) : 1
(25,34,38,23) : 1
(23,39,31,7) : 1
(0,13,14,4) : 1
(3,21) : 1
(30,8,3,11) : 1
(2,1,30,22) : 1
(25,10,1,9) : 1
(17,27,38,23) : 1
(30,9,27,23) : 1
(16,34,30,8) : 1
(21) : 1
(16,0,2,10) : 1
(31,17,8,20) : 1
(5,12,20,35) : 1
(17,39,35,11) : 1
(15,2,1,0) : 1
(11,32) : 1
(28) : 1
(30,23,37,16) : 1
(33,14,27,20) : 1
(5,34,12,20) : 1
(24) : 1
(9,29,1,4) : 1
(19,31,35) : 1
(36,10,15,2) : 1
(15,13,25,4) : 1
(22,3,13,2) : 1
(2,34,37,11) : 1
(31,6,36,7) : 1
(14,7,38,23) : 1
(11,34,20,37) : 1
(29,7,14,17) : 1
(20,0,15,37) : 1
(39,31,16,11) : 1
(39,31,28,16) : 1
(14,31) : 1
(19,8,1,37) : 1
(38,17,23,28) : 1
(5,23,28,37) : 1
(0,37,35,13) : 1
(11,17,5,0) : 1
(11,5,16,31) : 1
(13,1,9) : 1
(27,28,11,0) : 1
(33,37,0,11) : 1
(39,34,23,16) : 1
(11,3,28,20) : 1
(17,15,2,1) : 1
(2,21) : 1
(37,36,35,17) : 1
(39,7,35,29) : 1
(39,16,6,36) : 1
(10,11,13,17) : 1
(19,26,11) : 1
(31,28,10,7) : 1
(11,28,3) : 1
(15,13,27,38) : 1
(18,21,10,13) : 1
(2,9,25,4) : 1
(34,17,8,15) : 1
(11,35,16,7) : 1
(18,36) : 1
(29,1,0,3) : 1
(8,7,34,39) : 1
(31,34,39,7) : 1
(31,5,6,33) : 1
(32,29,14,34) : 1
(6,23,30,18) : 1
(29,35) : 1
(34,17,39,16) : 1
(25,29,10,7) : 1
(2,29,1,9) : 1
(35,18) : 1
(8) : 1
(16,6,4,31) : 1
(39,34,22,33) : 1
(15,2,30,38) : 1
(24,14,4) : 1
(29,17,22,36) : 1
(33,5,39,12) : 1
(0,10,7,1) : 1
(36) : 2
(34,22,27,8) : 1
(21,35,16,11) : 1
(7,31,34,18) : 1
(21,28) : 1
(0,30,31,12) : 1
(13,39,25,4) : 1
(21,13,17,1) : 1
(7,8,32,6) : 1
(13,1,3,21) : 1
(34,6,22,39) : 1
(35,10,36,19) : 1
(16,31,7,17) : 1
(15,34,6,11) : 1
(3,7,0,30) : 1
(11,7,17,9) : 1
(13,11,31,15) : 1
(26,24,3,13) : 1
(37,2,23,31) : 1
(0,2,8,39) : 1
(6,0,33,30) : 1
(18,33,10) : 1
(5,21,12,14) : 1
(29,25,7,5) : 1
(31,14) : 1
(6,28,15,2) : 1
(31,15,7,30) : 1
(38,5,13,2) : 1
(6,2,32,9) : 1
(28,39,21,11) : 1
(6,4,29,10) : 1
(37,35,5,3) : 1
(7,30,27,32) : 1
(22,27,16,37) : 1
(6,37,18) : 1
(30,13,19,24) : 1
(23,17,0,32) : 1
(37,4,8,18) : 1
(5,20,9,3) : 1
(13,7,8,36) : 1
(12,5,4,19) : 1
(31,39,20,5) : 1
(3,14,36,35) : 1
(7,8,25,10) : 1
(9,17,12,33) : 1
(16,34,30,22) : 1
(37,34,17,15) : 1
(5,28,20,12) : 1
(23,19,26,4) : 1
(11,17,0,38) : 1
(17,34,11,22) : 1
(17,22,27,38) : 1
(0,31,1,12) : 1
(7,0,30,38) : 1
(31,14,17) : 1
(21,10,11,1) : 1
(2,34,15,1) : 1
(1,23,13,7) : 1
(15,8,39,11) : 1
(17,11,0,20) : 1
(12,17,29) : 1
(22,6,10,2) : 1
(13,32,30,38) : 1
(23,6,38,16) : 1
(30,16,33,27) : 1
(35) : 1
(39,31,11,5) : 1
(14,38,7,9) : 1
(16,36,34,30) : 1
(14,18) : 1
(8,7,36,22) : 1
(27,38,17,30) : 1
(9,27,2,0) : 1
(13,1,11) : 1
(18,31) : 1
(37,14,8,7) : 1
(33,36,19,26) : 1
(37,27,19,24) : 1
(15,32,22,6) : 1
(15,7,2) : 1
(15,2,32,30) : 1
(7,10,31,2) : 1
(5,12,25,4) : 1
(5,12,20,1) : 1
(25,29,5,1) : 1
(2,5,3,14) : 1
(13,34,8,23) : 1
(11,15,4,29) : 1
(18,14,2,1) : 1
(29,11,15,17) : 1
(34,22,37,14) : 1
(35,4,12,37) : 1
(18,0,3,14) : 1
(39,0,3,13) : 1
(3,6,15,13) : 1
(31,6,33,37) : 1
(1,9,3,14) : 1
(11,16,21,10) : 1
(7,2,22,17) : 1
(8,4,29,14) : 1
(30,28,17,5) : 1
(15,19,24,26) : 1
(7,36,19,2) : 1
(35,37,17,30) : 1
(17,30,27,38) : 1
(0,21,20,35) : 1
(16,11,2,13) : 1
(9,15,7,3) : 1
(30,16,35,31) : 1
(13,36,1,21) : 1
(30,6,27,23) : 1
(0,23,39,16) : 1
(38,19,16,10) : 1
(7,8,25,24) : 1
(9,12,15,3) : 1
(3,4,29,11) : 1
(6,23,15,7) : 1
(16,0,9,38) : 1
(30,17,0,32) : 1
(34,38,23,17) : 1
(31,4,17,0) : 1
(24,31,9,14) : 1
(37,39,14,7) : 1
(16,22,39,11) : 1
(34,6,20,33) : 1
(9,39,16,20) : 1
(2,14) : 1
(13,17,32,30) : 1
(31,39,11,5) : 1
(6,14,33,7) : 1
(38,30,8,23) : 1
(5,4) : 1
(35,11,17,0) : 1
(5,22,6,4) : 1
(4,32,34,20) : 1
(16,2,0,9) : 2
(32,30,31,39) : 1
(34,12,22,20) : 1
(5,12,1,35) : 1
(3,16,25,9) : 1
(2,1,27,23) : 1
(27,39,16,22) : 1
(31,15,13,17) : 1
(0,4,2,10) : 1
(19,24,26,13) : 1
(10,1) : 1
(7,0,25,36) : 1
(32,4,35,5) : 1
(2,34,30,11) : 1
(34,27,39,11) : 1
(7,20,25,5) : 1
(30,11,39,16) : 1
(26,13,23,39) : 1
(34,17,39,37) : 1
(16,37,15,6) : 1
(7,23,22,27) : 1
(15,30,27,3) : 1
(3,1,4,18) : 1
(17,18,22,11) : 1
(36,16,15,39) : 1
(11,0,10,19) : 1
(35,0) : 1
(31,21,11,5) : 1
(36,22,8,23) : 1
(6,20,7,5) : 1
(19,24,37,13) : 1
(35,19,24,26) : 1
(5,19,24,26) : 1
(15,30,38,23) : 1
(32,11,5,0) : 1
(31,13,16) : 1
(32,25,29,6) : 1
(11,2,34,19) : 1
(15,3,10) : 1
(15,7,17,8) : 1
(33) : 1
(36,2,27,25) : 1
(29,19,6,24) : 1
(0,1,9,18) : 1
(30,27,8,38) : 1
(16,24,26,31) : 1
(19,24,23,10) : 1
(13,5,1,0) : 1
(22,6,18,5) : 1
(6,14,36,7) : 1
(1,0) : 1
(21,31,0,24) : 1
(31,39,16,28) : 1
(24,11,32,28) : 1
(0,9,10,1) : 1
(1,13,31,7) : 1
(15,34,22,27) : 1
(25,2,1,3) : 1
(9,32,16,33) : 1
(14,11,17,2) : 1
(30,34,17,6) : 1
(38,6,5,3) : 1
(1,6,8,3) : 1
(11,0,4,10) : 1
(14,11,15,32) : 1
(4,29,14) : 1
(23,22,8,38) : 1
(9,1,4,19) : 1
(32,27) : 1
(9,1,35) : 1
(39,4,19,15) : 1
(15,11,32,34) : 1
(2,37,14,15) : 1
(0,32,34,30) : 1
(11,31,39,16) : 1
(28,33,6,8) : 1
(5,12,36,0) : 1
(9,5,12,20) : 1
(11,0,1,4) : 1
(19,24,26,7) : 1
(34,28,4,13) : 1
(28,32,9,27) : 1
(37,23,33,11) : 1
(24,26,19,27) : 1
(5,12,20,37) : 1
(2,3,25,35) : 1
(31,17,2,30) : 1
(11,8,31,0) : 1
(28,39,37,31) : 1
(38,17,12,25) : 1
(33,0,27) : 1
(1,0,33) : 1
(23,17,27,15) : 1
(32,17,30,27) : 1
(13,20,5,6) : 1
(6,2,13,0) : 1
(13,0,30,23) : 1
(21,15,7,5) : 1
(12,33) : 1
(39,11,17,0) : 1
(14,17,36,29) : 1
(2,23,17,30) : 1
(4,2) : 1
(23,34,28,16) : 1
(25,29,11,6) : 1
(27,11,32,22) : 1
(4,0,29,10) : 1
(19,5,3,12) : 1
(3,35,27,2) : 1
(2,23,22,27) : 1
(14,2,21,10) : 1
(9,25,21,29) : 1
(0,30,37,4) : 1
(23,15,17,0) : 1
(17,2,1,0) : 1
(31,15,34,30) : 1
(10,0,29,5) : 1
(34,2,1,38) : 1
(37,34,16,4) : 1
(17,21,20,25) : 1
(16,13) : 1
(8,36,31,13) : 1
(16,30,37,11) : 1
(3,35) : 1
(17,35,11,31) : 1
(7,17,34,16) : 1
(11,15,18,35) : 1
(31,0,30,38) : 1
(7,30,23,39) : 1
(11,7,30,27) : 1
(2,7,0,30) : 1
(11,6,39,16) : 1
(28,5,2,23) : 1
(17,33,11,34) : 1
(11,7,17,6) : 1
(1,0,9,16) : 1
