0, 1, 2, 3, 4, 5, 6, 7, 8, 9, 10, 11, 12, 13, 14, 15, 16, 17, 18, 19, 20, 21, 22, 23, 24, 25, 26, 27, 28, 29
A,B,C,D,E,F,G,H,I,J,K,L,M,N,O,P,Q,R,S,T,U,V,W,X,Y,Z,-+-+-+-+-
(2,16,11,7) : 1
(1) : 4
(9) : 2
(2,4,15,10) : 1
(17,1,8,23) : 1
(13,2,9,8) : 1
(8,27,23,12) : 1
(7,0,22,23) : 1
(18,19,24) : 1
(4,29,10,2) : 1
(1,6,8,16) : 1
(15,18,4) : 1
(23,2,1,6) : 1
(11,10,27,29) : 1
(21,5,2,3) : 1
(17,15,16,29) : 1
(11,22,6,27) : 1
(0,6,15,27) : 1
(27,19,24) : 1
(29,19,26,14) : 1
(19,26,21,10) : 1
(2,28,21,13) : 1
(22,16,13,2) : 1
(5,9,18,25) : 1
(17,0,15,2) : 1
(11,16,5,6) : 1
(6,23,3,18) : 1
(13,2,17,16) : 1
(8,7,5,1) : 1
(16,12,18,11) : 1
(11,16,9,12) : 1
(11,17,1,8) : 1
(7,24,16,4) : 1
(23,13,17) : 1
(23,1,0,22) : 1
(2,0,6,27) : 1
(15,22,27,8) : 1
(22,7,27,23) : 1
(0,25,4,24) : 1
(16,23,12,10) : 1
(7,2,15,1) : 1
(11,16,5,20) : 1
(16,11,22,6) : 1
(23,1,11,13) : 1
(3,10,15,17) : 1
(16,4) : 1
(7,1,0,9) : 1
(4,11,0,10) : 1
(9,21,5,8) : 1
(18,17,5,12) : 1
(11,15,13,7) : 1
(23,7,2,1) : 2
(17,2,16,7) : 1
(23,17,0,6) : 1
(4,7,6,20) : 1
(13,1,9,21) : 1
(3,13,19,24) : 1
(1,25,15,7) : 1
(7,6,17,16) : 1
(14,13,16,5) : 1
(19,1,9,25) : 1
(5,22,6,18) : 1
(19,24,26,8) : 1
(2,11,7,28) : 1
(0,8,13,5) : 1
(17,0,14,1) : 1
(28,5,8,20) : 1
(16,17,0,15) : 1
(17,5,11,25) : 1
(2,28,21,14) : 1
(4,15,23,24) : 1
(11,27,0,6) : 1
(5,12,18,20) : 1
(28,0,3,5) : 1
(22,4,5,6) : 1
(17,21,13,4) : 1
(0,27,15,7) : 1
(11,27,15,5) : 1
(6,14,24,7) : 1
(6,23,13,5) : 1
(6,16,25,10) : 1
(9,13,1,19) : 1
(0,27,11) : 1
(11,16,5,28) : 1
(1,0,17,27) : 1
(11,1,27,7) : 1
(15,0,23,3) : 1
(6,8,28,20) : 1
(16,21,25,4) : 1
(3,21,20,25) : 1
(26,21,28,11) : 1
(23,17,2,1) : 1
(2,0,23,25) : 1
(20,29,14,10) : 1
(17,6,23,1) : 1
(9,18,20,24) : 1
(15,7,21,5) : 1
(7,0,9,5) : 1
(1,4,19,24) : 1
(2,11,7,17) : 2
(19,24,6,4) : 1
(15,17,6,9) : 1
(29,7,18,25) : 1
(3,4,6,14) : 1
(11,7,0,17) : 1
(5,0,3,21) : 1
(3,5,20) : 1
(14,16,7,4) : 1
(17,21,9,3) : 1
(23,28,16,15) : 1
(2,9,28,12) : 1
(11,2,0,4) : 1
(16,5,28,21) : 1
(15,17,22,9) : 1
(6,16,15,23) : 1
(14,19,24,26) : 1
(7,6,11,5) : 1
(28,1,8,3) : 1
(2,6,27,8) : 1
(12,7,5,3) : 1
(15,6,27,16) : 1
(27,11,23,17) : 1
(7,5,12,25) : 1
(11,5,23,12) : 1
(13,7,17,2) : 1
(11,27,23,15) : 1
(16,29,11,7) : 1
(2,17,27,3) : 1
(2,16,20,10) : 1
(5,18,19,24) : 1
(11,13,27,12) : 1
(21,15,6,16) : 1
(6,8,23,15) : 1
(0) : 3
(8,16,17,6) : 1
(17,1,23,2) : 1
(19,24,26,0) : 1
(12,6,8,16) : 1
(28,16) : 1
(16,11) : 2
(5,1,18,28) : 1
(16,12,18,4) : 1
(11,27,23,5) : 1
(5,0,6,4) : 1
(9,10) : 1
(2,7,6,10) : 1
(16,24,22,6) : 1
(11,1) : 1
(2,13,17,23) : 1
(23,12,20,7) : 1
(21,20,25,7) : 1
(22,23,19,15) : 1
(3,2,0,27) : 1
(0,2,28,21) : 1
(22,6,29,11) : 1
(2,17,22,6) : 1
(5,16,12,11) : 1
(3,9,20,29) : 1
(2,7,27,8) : 1
(13,2,0,9) : 1
(2,27,23,17) : 1
(19,24,26,5) : 1
(6,16,11,7) : 1
(23,11,15,17) : 1
(4,12,18,5) : 1
(2,23,15,7) : 1
(26,16,8,17) : 1
(23,21,6,12) : 1
(11,27,24) : 1
(4,11,5,6) : 1
(16,0,7,1) : 1
(14,0) : 1
(1,0,3,4) : 1
(4,1,10,21) : 1
(17,7,11,15) : 1
(15,7,2,3) : 1
(11,6,18,14) : 1
(8,25,4,17) : 1
(25,29,24,7) : 1
(21,13,0,25) : 1
(29,16,19,7) : 1
(0,20,15,23) : 1
(11,6,16,14) : 1
(23,17,16,11) : 1
(16,22,23,20) : 1
(4,1,7,2) : 1
(21,14,19,2) : 1
(0,26,5) : 1
(16,11,28) : 1
(14) : 6
(22,7,8,20) : 1
(25,29,0,3) : 1
(2,18,8,19) : 1
(13,20,25,14) : 1
(16,5,25,6) : 1
(11,21,18,19) : 1
(11,16) : 2
(3,25,2,0) : 1
(11,27,18,14) : 1
(15,7,2,0) : 1
(18,24) : 1
(29,28,11,15) : 1
(10,15,16,20) : 1
(16,4,6,9) : 1
(29,13,9,25) : 1
(3,15,2,22) : 1
(5,20,3,21) : 1
(14,27,12) : 1
(16,11,0,6) : 1
(7,5,8,26) : 1
(1,21,12,13) : 1
(6,23,0,9) : 1
(8,9,17,27) : 1
(9,24,12,5) : 1
(6,27,11,16) : 1
(17,16,11,7) : 1
(25,23,18,11) : 1
(0,13,14,4) : 1
(3,21) : 1
(8,3,11,22) : 1
(2,1,22,23) : 1
(25,10,1,9) : 1
(17,27,23,1) : 1
(9,27,23,0) : 1
(16,8,3,12) : 1
(21) : 1
(16,0,2,10) : 1
(17,8,20,4) : 1
(5,12,20,18) : 2
(17,11,13,2) : 1
(15,2,1,0) : 1
(11) : 1
(28) : 1
(23,16,7,17) : 1
(14,27,20) : 1
(5,12,20,3) : 1
(24) : 1
(9,29,1,4) : 1
(19) : 1
(10,15,2,13) : 1
(15,13,25,4) : 1
(22,3,13,2) : 1
(6,7,0,16) : 1
(14,7,23,17) : 1
(11,20,13,5) : 1
(29,7,14,17) : 1
(20,0,15,5) : 1
(28,16,11) : 1
(19,8,1,4) : 1
(17,23,28,2) : 1
(5,23,28,19) : 1
(0,13,5,1) : 1
(11,17,5,0) : 1
(11,5,16) : 3
(13,1,9) : 1
(27,28,11,0) : 1
(0,11,13,29) : 1
(23,16,5,2) : 1
(11,3,28,20) : 1
(17,15,2,1) : 1
(2,21) : 1
(17,9,3,0) : 1
(7,29,13,25) : 1
(16,6,17,22) : 1
(10,11,13,17) : 1
(19,26,11) : 1
(28,10,7,2) : 1
(11,28,3) : 1
(15,13,27,23) : 1
(18,21,10,13) : 1
(2,9,25,4) : 1
(17,8,15,22) : 1
(11,16,7,0) : 1
(18) : 3
(29,1,0,3) : 1
(8,7,16,6) : 1
(7,22,8,16) : 1
(5,6,8,12) : 1
(29,14,1,6) : 1
(6,23,18,28) : 1
(29) : 1
(17,16,8,29) : 1
(25,29,10,7) : 1
(2,29,1,9) : 1
(8) : 1
(16,6,4,7) : 1
(22,5,1,6) : 1
(15,2,11,22) : 1
(24,14,4) : 1
(29,17,22,5) : 1
(5,12,25,4) : 2
(0,10,7,1) : 1
(22,27,8,17) : 1
(21,16,11,7) : 1
(7,18,26,4) : 1
(21,28) : 1
(0,12,29,2) : 1
(13,25,4,14) : 1
(21,13,17,1) : 1
(7,8,6,23) : 1
(13,1,3,21) : 1
(6,22,16,15) : 1
(10,19,24,26) : 1
(16,7,17,6) : 1
(15,6,11,1) : 1
(3,7,0,16) : 1
(11,7,17,9) : 1
(13,11,15,7) : 1
(26,24,3,13) : 1
(2,23,19,11) : 1
(0,2,8,7) : 1
(6,0,11) : 1
(18,10) : 1
(5,21,12,14) : 1
(29,25,7,5) : 1
(6,28,15,2) : 1
(15,7,8,23) : 1
(5,13,2,1) : 1
(6,2,9,27) : 1
(28,21,11,5) : 1
(6,4,29,10) : 1
(5,3,12,18) : 1
(7,27,23,11) : 1
(22,27,16,25) : 1
(6,18) : 1
(13,19,24,26) : 1
(23,17,0,8) : 1
(4,8,18,17) : 1
(5,20,9,3) : 1
(13,7,8,15) : 1
(12,5,4,19) : 1
(20,5,11,16) : 1
(3,14,5,24) : 1
(7,8,25,10) : 1
(9,17,12,11) : 1
(16,22,8,23) : 1
(17,15,5,12) : 1
(5,28,20,12) : 1
(23,19,26,4) : 1
(11,17,0,23) : 1
(17,11,22,8) : 1
(17,22,27,23) : 1
(0,1,12,29) : 1
(7,0,4,24) : 1
(14,17) : 1
(21,10,11,1) : 1
(2,15,1,9) : 1
(1,23,13,7) : 1
(15,8,11,17) : 1
(17,11,0,20) : 1
(12,17,29) : 1
(22,6,10,2) : 1
(13,23,3,16) : 1
(23,6,16,15) : 1
(16,27,29,6) : 1
(14,7,9,4) : 1
(16,6,25,29) : 1
(14,18) : 1
(8,7,22,18) : 1
(27,17,6,23) : 1
(9,27,2,0) : 1
(13,1,11) : 1
(14,8,7,6) : 1
(19,26,0,18) : 1
(27,19,24,26) : 1
(15,22,6,9) : 1
(15,7,2) : 1
(15,2,7,1) : 1
(7,10,2,4) : 1
(5,12,20,1) : 1
(25,29,5,1) : 1
(2,5,3,14) : 1
(13,8,23,15) : 1
(11,15,4,29) : 1
(18,14,2,1) : 1
(29,11,15,17) : 1
(22,14,15,17) : 1
(4,12,0,29) : 1
(18,0,3,14) : 1
(0,3,13,2) : 1
(3,6,15,13) : 1
(6,11,2,0) : 1
(1,9,3,14) : 1
(11,16,21,10) : 1
(7,2,22,17) : 1
(8,4,29,14) : 1
(28,17,5,27) : 1
(15,19,24,26) : 1
(7,19,2,24) : 1
(17,6,27,7) : 1
(17,27,23) : 1
(0,21,20,1) : 1
(16,11,2,13) : 1
(9,15,7,3) : 1
(16,11,15,1) : 1
(13,1,21,10) : 1
(6,27,23,3) : 1
(0,23,16,15) : 1
(19,16,10,17) : 1
(7,8,25,24) : 1
(9,12,15,3) : 1
(3,4,29,11) : 1
(6,23,15,7) : 1
(16,0,9,28) : 1
(17,0,22,27) : 1
(23,17,0,22) : 1
(4,17,0,6) : 1
(24,9,14,13) : 1
(14,7,5,8) : 1
(16,22,11,3) : 1
(6,20,14,15) : 1
(9,16,20,5) : 1
(2,14) : 1
(13,17,6,27) : 1
(6,14,7,5) : 1
(8,23,2,27) : 1
(5,4) : 1
(11,17,0,4) : 1
(5,22,6,4) : 1
(4,20,11,9) : 1
(16,2,0,9) : 2
(16,6,14,2) : 1
(12,22,20,4) : 1
(5,12,1,4) : 1
(3,16,25,9) : 1
(2,1,27,23) : 1
(27,16,22,6) : 1
(15,13,17,2) : 1
(0,4,2,10) : 1
(19,24,26,13) : 1
(10,1) : 1
(7,0,25,14) : 1
(4,5,27,8) : 1
(2,11,17,6) : 1
(27,11,15,17) : 1
(7,20,25,5) : 1
(11,16,13,17) : 1
(26,13,23,18) : 1
(17,22,16,15) : 1
(16,15,6,11) : 1
(7,23,22,27) : 1
(15,27,3,23) : 1
(3,1,4,18) : 1
(17,18,22,11) : 1
(16,15,25,29) : 1
(11,0,10,19) : 1
(21,11,5,20) : 1
(22,8,23,18) : 1
(6,20,7,5) : 1
(19,24,13,0) : 1
(19,24,26,21) : 1
(5,19,24,26) : 1
(15,23,2,6) : 1
(11,5,0,6) : 1
(13,16) : 1
(25,29,6,3) : 1
(11,2,19,24) : 1
(15,3,10) : 1
(15,7,17,8) : 1
(2,27,25,4) : 1
(29,19,6,24) : 1
(0,1,9,18) : 1
(27,8,17,6) : 1
(16,24,26,7) : 1
(19,24,23,10) : 1
(13,5,1,0) : 1
(22,6,18,5) : 1
(6,14,7,15) : 1
(1,0) : 2
(21,0,24,19) : 1
(16,28) : 1
(24,11,28,0) : 1
(0,9,10,1) : 1
(1,13,7,23) : 1
(15,22,27,3) : 1
(25,2,1,3) : 1
(9,16,5,6) : 1
(14,11,17,2) : 1
(11,16,5) : 1
(17,6,23,3) : 1
(6,5,3,18) : 1
(1,6,8,3) : 1
(11,0,4,10) : 1
(14,11,15,23) : 1
(4,29,14) : 1
(23,22,8,6) : 1
(9,1,4,19) : 1
(27) : 1
(9,1) : 1
(4,19,15,8) : 1
(15,11,27,8) : 1
(2,14,15,1) : 1
(0,27,4,29) : 1
(28,6,8,14) : 1
(5,12,0,4) : 1
(9,5,12,20) : 1
(11,0,1,4) : 1
(19,24,26,7) : 1
(28,4,13,2) : 1
(28,9,27,3) : 1
(23,11,17,2) : 1
(24,26,19,27) : 1
(2,3,25,19) : 1
(17,2,22,23) : 1
(11,8,0,16) : 1
(28,14,11,0) : 1
(17,12,25,13) : 1
(0,27) : 1
(23,17,27,15) : 1
(17,27,23,16) : 1
(13,20,5,6) : 1
(6,2,13,0) : 1
(13,0,23,6) : 1
(21,15,7,5) : 1
(12) : 1
(11,17,0,6) : 1
(14,17,29,1) : 1
(2,23,17,15) : 1
(4,2) : 1
(23,28,16,12) : 1
(25,29,11,6) : 1
(27,11,22,9) : 1
(4,0,29,10) : 1
(19,5,3,12) : 1
(3,27,2,0) : 1
(2,23,22,27) : 1
(14,2,21,10) : 1
(9,25,21,29) : 1
(0,4,11,13) : 1
(23,15,17,0) : 1
(17,2,1,0) : 1
(15,14,23,3) : 1
(10,0,29,5) : 1
(2,1,7,17) : 1
(16,4,7,17) : 1
(17,21,20,25) : 1
(16,13) : 1
(8,13,17,0) : 1
(16,11,15,27) : 1
(3) : 1
(17,11,22,27) : 1
(7,17,16,11) : 1
(11,15,18,29) : 1
(0,17,6,23) : 1
(7,23,0,22) : 1
(11,7,27,23) : 1
(2,7,0,6) : 1
(11,6,16,15) : 1
(28,5,2,23) : 1
(17,11,0,22) : 1
(11,7,17,6) : 1
(1,0,9,16) : 1
