0, 1, 2, 3, 4, 5, 6, 7, 8, 9, 10, 11, 12, 13, 14, 15, 16, 17, 18, 19
A,B,C,D,E,F,G,H,I,J,K,L,M,N,O,P,Q,R,S,T
-+-+-+-+-
(2,16,11,7) : 1
(1) : 4
(9) : 2
(2,4,15,10) : 1
(17,1,8,11) : 1
(13,2,9,8) : 1
(8,12,14,11) : 1
(7,0,15,17) : 1
(18,19) : 1
(4,10,2,14) : 1
(1,6,8,16) : 1
(15,18,4) : 1
(2,1,6,9) : 1
(11,10,15,16) : 1
(5,2,3,12) : 1
(17,15,16,14) : 1
(11,6,5,2) : 1
(0,6,15,11) : 1
(19) : 4
(19,14,10,11) : 1
(19,10,1,0) : 1
(2,13) : 1
(16,13,2,4) : 1
(5,9,18,4) : 1
(17,0,15,2) : 1
(11,16,5,6) : 1
(6,3,18,15) : 1
(13,2,17,16) : 1
(8,7,5,1) : 1
(16,12,18,11) : 1
(11,16,9,12) : 1
(11,17,1,8) : 1
(7,16,4,8) : 1
(13,17) : 1
(1,0,17,2) : 1
(2,0,6,3) : 1
(15,8,18,13) : 1
(7,11,17,2) : 1
(0,4,13,15) : 1
(16,12,10,15) : 1
(7,2,15,1) : 1
(11,16,5) : 3
(16,11,6,3) : 1
(1,11,13,7) : 1
(3,10,15,17) : 1
(16,4) : 1
(7,1,0,9) : 1
(4,11,0,10) : 1
(9,5,8,3) : 1
(18,17,5,12) : 1
(11,15,13,7) : 1
(7,2,1,8) : 1
(17,2,16,7) : 1
(17,0,6,8) : 2
(4,7,6,5) : 1
(13,1,9) : 2
(3,13,19,1) : 1
(1,15,7,5) : 1
(7,6,17,16) : 1
(14,13,16,5) : 1
(19,1,9,10) : 1
(5,6,18,16) : 1
(19,8,14,2) : 1
(2,11,7,10) : 1
(0,8,13,5) : 1
(17,0,14,1) : 1
(5,8,11,16) : 1
(16,17,0,15) : 1
(17,5,11,14) : 1
(2,14) : 2
(4,15,8,12) : 1
(11,0,6,1) : 1
(5,12,18,4) : 2
(0,3,5,16) : 1
(4,5,6,8) : 1
(17,13,4,1) : 1
(0,15,7,17) : 1
(11,15,5,6) : 1
(6,14,7,19) : 1
(6,13,5,2) : 1
(6,16,10,11) : 1
(9,13,1,19) : 1
(0,11) : 1
(1,0,17,16) : 1
(11,1,7,17) : 1
(15,0,3,17) : 1
(6,8,5,12) : 1
(16,4,11,13) : 1
(3,4,19) : 1
(11,3,0) : 1
(17,2,1) : 1
(2,0) : 1
(14,10) : 1
(17,6,1,8) : 1
(9,18,11,13) : 1
(15,7,5,19) : 1
(7,0,9,5) : 1
(1,4,19) : 1
(2,11,7,17) : 2
(19,6,4) : 1
(15,17,6,9) : 1
(7,18,9,4) : 1
(3,4,6,14) : 1
(11,7,0,17) : 1
(5,0,3,14) : 1
(3,5) : 1
(14,16,7,4) : 1
(17,9,3,16) : 1
(16,15,13,17) : 1
(2,9,12) : 1
(11,2,0,4) : 1
(16,5) : 1
(15,17,9,11) : 1
(6,16,15,13) : 2
(14,19,2,1) : 1
(7,6,11,5) : 1
(1,8,3,7) : 1
(2,6,8,3) : 1
(12,7,5,3) : 1
(15,6,16,7) : 1
(11,17,2,7) : 1
(7,5,12,0) : 1
(11,5,12,3) : 1
(13,7,17,2) : 1
(11,15,2,7) : 1
(16,11,7,5) : 1
(2,17,3,15) : 1
(2,16,10,17) : 1
(5,18,19) : 1
(11,13,12,19) : 1
(15,6,16,12) : 1
(6,8,15,0) : 1
(0) : 4
(8,16,17,6) : 1
(17,1,2,11) : 1
(19,0) : 1
(12,6,8,16) : 1
(16) : 2
(16,11) : 4
(5,1,18,4) : 1
(16,12,18,4) : 1
(11,5,10) : 1
(5,0,6,4) : 1
(9,10) : 1
(2,7,6,10) : 1
(16,6,3,19) : 1
(11,1) : 1
(2,13,17,1) : 1
(12,7,6,8) : 1
(7,6,12,4) : 1
(19,15,0,3) : 1
(3,2,0,14) : 1
(0,2,14) : 1
(6,11,17,0) : 1
(2,17,6,7) : 1
(5,16,12,11) : 1
(3,9) : 1
(2,7,8,17) : 1
(13,2,0,9) : 1
(2,17,16,15) : 1
(19,5,12,4) : 1
(6,16,11,7) : 1
(11,15,17,2) : 1
(4,12,18,5) : 1
(2,15,7,3) : 1
(16,8,17,12) : 1
(6,12,7,8) : 1
(11) : 2
(4,11,5,6) : 1
(16,0,7,1) : 1
(14,0) : 1
(1,0,3,4) : 2
(4,1,10,9) : 1
(17,7,11,15) : 1
(15,7,2,3) : 1
(11,6,18,14) : 1
(8,4,17,5) : 1
(7,17,4) : 1
(13,0,1,2) : 1
(16,19,7,6) : 1
(0,15,16,8) : 1
(11,6,16,14) : 1
(17,16,11,5) : 1
(16,11,13,7) : 1
(4,1,7,2) : 1
(14,19,2,9) : 1
(0,5) : 1
(14) : 7
(7,8,4) : 1
(0,3,14,10) : 1
(2,18,8,19) : 1
(13,14,5,2) : 1
(16,5,6,4) : 1
(11,18,19,8) : 1
(11,16) : 2
(3,2,0,18) : 1
(11,18,14) : 1
(15,7,2,0) : 1
(18) : 4
(11,15,19,17) : 1
(10,15,16,11) : 1
(16,4,6,9) : 1
(13,9,10,15) : 1
(3,15,2,11) : 1
(5,3,0,9) : 1
(14,12) : 1
(16,11,0,6) : 1
(7,5,8,17) : 1
(1,12,13,5) : 1
(6,0,9,3) : 1
(8,9,17,15) : 1
(9,12,5,2) : 1
(6,11,16,19) : 1
(17,16,11,7) : 1
(18,11,5,6) : 1
(7,2,1,6) : 1
(0,13,14,4) : 1
(3) : 2
(8,3,11,6) : 1
(2,1,17,6) : 1
(10,1,9,14) : 1
(17,1,15,2) : 1
(9,0,8) : 1
(16,8,3,12) : 1
(16,0,2,10) : 1
(17,8,4,15) : 1
(17,11,13,2) : 1
(15,2,1,0) : 1
(16,7,17,5) : 1
(5,12,3,16) : 1
(9,1,4,10) : 1
(10,15,2,13) : 1
(15,13,4,1) : 1
(3,13,2,1) : 1
(6,7,0,16) : 1
(14,7,17,1) : 1
(11,13,5,0) : 1
(7,14,17,5) : 1
(0,15,5,13) : 1
(19,8,1,4) : 1
(17,2,6,11) : 1
(5,19,6,16) : 1
(0,13,5,1) : 1
(11,17,5,0) : 1
(11,5,16) : 4
(11,0,13,14) : 1
(0,11,13) : 1
(16,5,2,6) : 1
(11,3,7,17) : 1
(17,15,2,1) : 1
(2) : 1
(17,9,3,0) : 1
(7,13,9,10) : 1
(16,6,17,4) : 1
(10,11,13,17) : 1
(19,11) : 1
(10,7,2,3) : 1
(11,3) : 1
(15,13,14,2) : 1
(18,10,13,2) : 1
(2,9,4,13) : 1
(17,8,15,3) : 1
(11,16,7,0) : 1
(8,7,16,6) : 1
(7,8,16,15) : 1
(5,6,8,12) : 1
(14,1,6,3) : 1
(6,18,15,0) : 1
(17,16,8,12) : 1
(10,7,1,9) : 1
(2,1,9,18) : 1
(8) : 1
(16,6,4,7) : 1
(5,1,6,16) : 1
(15,2,11,6) : 1
(14,4) : 1
(17,5,1,8) : 1
(5,12,4,14) : 1
(0,10,7,1) : 1
(8,17,6,3) : 1
(16,11,7,0) : 1
(7,18,4,11) : 1
(0,12,2,1) : 1
(13,4,14,15) : 1
(13,17,1,0) : 1
(7,8,6,4) : 1
(13,1,3) : 1
(6,16,15,17) : 1
(10,19,13,2) : 1
(16,7,17,6) : 1
(15,6,11,1) : 1
(3,7,0,16) : 1
(11,7,17,9) : 1
(13,11,15,7) : 1
(3,13,2,10) : 1
(2,19,11,17) : 1
(0,2,8,7) : 1
(6,0,11) : 1
(18,10) : 1
(5,12,14,13) : 1
(7,5,1,0) : 1
(6,15,2,9) : 1
(15,7,8,17) : 1
(5,13,2,1) : 1
(6,2,9,8) : 1
(11,5) : 1
(6,4,10,19) : 1
(5,3,12,18) : 1
(7,11,15,2) : 1
(16,15,17,5) : 1
(6,18) : 1
(13,19,0,18) : 1
(17,0,8,14) : 1
(4,8,18,17) : 1
(5,9,3,14) : 1
(13,7,8,15) : 1
(12,5,4,19) : 1
(5,11,16) : 1
(3,14,5,19) : 1
(7,8,10,19) : 1
(9,17,12,11) : 1
(16,8,12,15) : 1
(17,15,5,12) : 1
(5,12,15,1) : 1
(19,4) : 1
(11,17,0,7) : 1
(17,11,8,7) : 1
(17,1,0,6) : 1
(0,1,12) : 1
(7,0,4,5) : 1
(14,17) : 1
(10,11,1,9) : 1
(2,15,1,9) : 1
(1,13,7,16) : 2
(15,8,11,17) : 1
(17,11,0,13) : 1
(12,17) : 1
(6,10,2) : 1
(13,3,16,11) : 1
(16,6,19,7) : 1
(14,7,9,4) : 1
(16,6,11,15) : 2
(14,18) : 1
(8,7,18,4) : 1
(17,6,0,13) : 1
(9,2,0,8) : 1
(13,1,11) : 1
(14,8,7,6) : 1
(19,0,18,15) : 1
(19,11,0) : 1
(15,6,9,2) : 1
(15,7,2) : 1
(15,2,7,1) : 1
(7,10,2,4) : 1
(5,12,4,10) : 1
(5,12,1,4) : 2
(5,1,3,2) : 1
(2,5,3,14) : 1
(13,8,15,7) : 1
(11,15,4,3) : 1
(18,14,2,1) : 1
(11,15,17,6) : 2
(14,15,17,5) : 1
(4,12,0,5) : 1
(18,0,3,14) : 1
(0,3,13,2) : 1
(3,6,15,13) : 1
(6,11,2,0) : 1
(1,9,3,14) : 1
(11,16,10,5) : 1
(7,2,17,1) : 1
(8,4,14,1) : 1
(17,5,12,14) : 1
(15,19,17,2) : 1
(7,19,2) : 1
(17,6,7,8) : 1
(17) : 1
(0,1,4,14) : 1
(16,11,2,13) : 1
(9,15,7,3) : 1
(16,11,15,1) : 1
(13,1,10) : 1
(6,3,11,17) : 1
(0,16,15,13) : 1
(19,16,10,17) : 1
(7,8,9,18) : 1
(9,12,15,3) : 1
(3,4,11,5) : 1
(6,15,7,1) : 1
(16,0,9,2) : 1
(17,0,16,15) : 1
(4,17,0,6) : 1
(9,14,13,10) : 1
(14,7,5,8) : 1
(16,11,3) : 1
(6,14,15,7) : 1
(9,16,5,6) : 2
(13,17,6,8) : 1
(6,14,7,5) : 1
(8,2,7,17) : 1
(5,4) : 1
(11,17,0,4) : 1
(5,6,4,9) : 1
(4,11,9,2) : 1
(16,2,0,9) : 2
(16,6,14,2) : 1
(12,4,0,9) : 1
(3,16,9) : 1
(2,1,11,7) : 1
(15,13,17,2) : 1
(0,4,2,10) : 1
(19,13,1) : 1
(10,1) : 1
(7,0,14,11) : 1
(4,5,8,12) : 1
(2,11,17,6) : 1
(7,5,3,18) : 1
(11,16,13,17) : 1
(13,18,16) : 1
(17,16,15,11) : 1
(16,15,6,11) : 1
(7,17,0,3) : 1
(15,3,7,17) : 1
(3,1,4,18) : 1
(17,18,11,3) : 1
(16,15,17,6) : 1
(11,0,10,19) : 1
(8,18,7,5) : 1
(6,7,5,8) : 1
(19,13,0,9) : 1
(5,19,4,13) : 1
(15,2,6,7) : 1
(11,5,0,6) : 1
(13,16) : 1
(6,3,10,1) : 1
(11,2,19) : 1
(15,3,10) : 1
(15,7,17,8) : 1
(2,4,11,5) : 1
(19,6,9,3) : 1
(0,1,9,18) : 1
(8,17,6,15) : 1
(16,7,3,14) : 1
(19,10,11,15) : 1
(13,5,1,0) : 1
(6,18,5) : 1
(6,14,7,15) : 1
(1,0) : 2
(0,19,8,1) : 1
(11,0,6,16) : 1
(0,9,10,1) : 1
(15,3,10,11) : 1
(2,1,3,14) : 1
(14,11,17,2) : 1
(17,6,3,0) : 1
(6,5,3,18) : 1
(1,6,8,3) : 1
(11,0,4,10) : 1
(14,11,15,3) : 1
(4,14) : 1
(8,6,3,7) : 1
(9,1,4,19) : 1
(9,1) : 1
(4,19,15,8) : 1
(15,11,8,1) : 1
(2,14,15,1) : 1
(0,4,14,10) : 1
(6,8,14) : 1
(5,12,0,4) : 1
(9,5,12,7) : 2
(11,0,1,4) : 1
(19,7,5,2) : 1
(4,13,2,14) : 1
(9,3,12,4) : 1
(11,17,2,6) : 1
(5,12,18,9) : 1
(2,3,19) : 1
(17,2,7,0) : 1
(11,8,0,16) : 1
(14,11,0,9) : 1
(17,12,13,7) : 1
(17,15,1,0) : 1
(17,16,2,6) : 1
(13,5,6,12) : 1
(6,2,13,0) : 1
(13,0,6,2) : 1
(15,7,5,16) : 1
(12) : 1
(11,17,0,6) : 1
(14,17,1,0) : 1
(2,17,15,7) : 1
(4,2) : 1
(16,12,7,3) : 1
(11,6,7,0) : 1
(11,9,16,5) : 1
(4,0,10,19) : 1
(19,5,3,12) : 1
(3,2,0) : 1
(2,3,11,15) : 1
(14,2,10) : 1
(0,4,11,13) : 1
(15,17,0,6) : 1
(17,2,1,0) : 1
(15,14,3,10) : 1
(10,0,5,4) : 1
(2,1,7,17) : 1
(16,4,7,17) : 1
(17,16,7,6) : 1
(16,13) : 1
(8,13,17,0) : 1
(16,11,15,13) : 1
(17,11,3,13) : 1
(7,17,16,11) : 1
(11,15,18,13) : 1
(0,17,6,16) : 1
(7,0,9,12) : 1
(11,7,2,3) : 1
(2,7,0,6) : 1
(11,6,16,15) : 1
(5,2,12,14) : 1
(17,11,0,6) : 1
(11,7,17,6) : 1
(1,0,9,16) : 1
