0, 1, 2, 3
A,B,C,D
-+-+-+-+-
(2,0,3) : 9
(1) : 29
(2,3) : 12
(1,2) : 5
(2,3,1,0) : 9
(0,3) : 6
(0,2,3,1) : 4
(2,0) : 14
(1,0,3) : 6
(2,1,0,3) : 27
(2,1,0) : 20
(2,3,0,1) : 4
(3,2,1,0) : 13
(2,0,3,1) : 6
(0) : 32
(1,0) : 15
(2) : 21
(0,2,3) : 8
(3,1,0,2) : 3
(2,1,3) : 13
(1,2,0,3) : 7
(1,0,2,3) : 3
(2,1) : 8
(0,3,2) : 2
(3,2,0) : 3
(1,3) : 10
(3,1,0) : 8
(0,1,3,2) : 5
(3) : 23
(0,2,1) : 10
(3,1) : 4
(0,2,1,3) : 14
(3,1,2,0) : 2
(0,1) : 17
(0,3,2,1) : 10
(3,0) : 9
(1,3,2,0) : 5
(2,0,1,3) : 2
(2,0,1) : 6
(3,2,0,1) : 4
(1,2,3) : 4
(0,3,1,2) : 3
(3,0,2) : 3
(0,2) : 8
(2,3,0) : 4
(0,1,2) : 4
(0,3,1) : 3
(2,3,1) : 2
(3,2,1) : 6
(1,2,3,0) : 1
(1,2,0) : 2
(0,1,2,3) : 2
(2,1,3,0) : 2
(3,0,2,1) : 2
(1,3,2) : 4
(1,0,2) : 2
(1,0,3,2) : 5
(3,1,2) : 1
(1,3,0,2) : 1
(3,2) : 1
(3,0,1) : 2
(1,3,0) : 1
(3,0,1,2) : 1
