0, 1, 2, 3, 4, 5, 6, 7, 8
A,B,C,D,E,F,G,H,I
J,K,L,M,N,O,P,Q,R,S,T,U,V,W,X,Y,Z,-+-+-+-+-
(8,0,2,4) : 5
(0,2,3,5) : 55
(0,2,4,5) : 89
(2,4,5,7) : 28
(0,3,4,5) : 116
(0,4,5,6) : 141
(8,2,3,4) : 8
(2,3,4,7) : 24
(0,4,5,7) : 54
(0,3,4,7) : 22
(0,2,4,6) : 21
(0,2,3,7) : 57
(2,3,4,6) : 5
(8,3,5,6) : 9
(0,2,3,6) : 12
(8,0,3,5) : 13
(2,4,6,7) : 5
(0,3,5,6) : 90
(0,3,6,7) : 7
(0,8,3,4) : 15
(2,4,5,6) : 6
(2,3,5,6) : 4
(0,4,6,7) : 12
(3,4,5,6) : 14
(0,2,4,7) : 60
(8,0,4,5) : 19
(0,2,6,7) : 94
(0,3,4,6) : 41
(0,8,4,5) : 41
(8,2,3,6) : 4
(8,2,4,7) : 12
(3,4,6,7) : 3
(2,3,4,5) : 8
(0,2,5,7) : 286
(0,2,3,4) : 36
(0,8,2,3) : 18
(8,0,3,7) : 2
(0,1,2,5) : 3
(0,3,5,7) : 34
(3,4,5,7) : 5
(2,3,5,7) : 24
(8,0,6,7) : 4
(8,0,2,5) : 38
(0,8,4,6) : 22
(2,5,6,7) : 33
(8,0,4,6) : 3
(8,4,5,7) : 4
(8,3,4,6) : 6
(0,8,3,5) : 12
(2,3,6,7) : 6
(1,2,4,7) : 2
(4,5,6,7) : 7
(0,1,3,7) : 1
(0,8,3,7) : 3
(0,1,4,5) : 1
(8,2,3,5) : 3
(0,1,2,3) : 5
(0,8,2,4) : 23
(0,2,5,6) : 147
(8,2,3,7) : 12
(8,2,4,6) : 4
(8,5,6,7) : 8
(8,2,4,5) : 10
(0,1,2,7) : 7
(8,0,5,7) : 19
(8,0,2,3) : 5
(0,8,2,5) : 44
(8,0,3,6) : 5
(0,8,2,7) : 67
(0,8,4,7) : 7
(8,3,4,5) : 8
(0,1,5,6) : 6
(0,1,5,7) : 6
(8,0,3,4) : 3
(0,1,2,8) : 1
(0,8,5,7) : 29
(0,1,3,5) : 2
(0,1,2,4) : 2
(3,5,6,7) : 1
(0,5,6,7) : 64
(8,0,5,6) : 32
(8,0,2,7) : 18
(0,8,5,6) : 60
(0,1,3,4) : 1
(0,8,3,6) : 12
(1,2,3,5) : 2
(8,1,2,7) : 1
(0,8,2,6) : 26
(0,8,6,7) : 14
(8,2,5,6) : 9
(8,1,6,7) : 2
(8,0,2,6) : 6
(8,2,5,7) : 19
(1,2,5,6) : 1
(0,8,5,1) : 1
(1,2,3,7) : 1
(8,2,6,7) : 12
(1,2,5,7) : 2
(0,1,4,6) : 2
(0,1,6,7) : 1
(1,4,5,6) : 2
(8,4,5,6) : 9
(0,1,8,7) : 1
(8,3,4,7) : 2
(0,1,4,8) : 2
(0,1,3,6) : 1
(0,1,3,8) : 1
(8,4,6,7) : 1
(0,1,4,7) : 3
(8,1,3,0) : 1
(0,1,5,8) : 1
(1,3,5,6) : 1
(8,1,3,4) : 1
(8,3,5,7) : 3
(8,1,4,6) : 1
(8,1,5,6) : 1
(1,4,5,7) : 1
