0, 1, 2, 3, 4, 5, 6, 7, 8, 9
A,B,C,D,E,F,G,H,I,J
K,L,M,N,O,P,Q,R,S,T,U,V,W,X,Y,Z,-+-+-+-+-
(8,0,2,4) : 4
(0,2,3,5) : 52
(0,2,4,5) : 80
(2,4,5,7) : 24
(0,3,4,5) : 109
(0,4,5,6) : 129
(9,2,3,4) : 10
(2,3,4,7) : 20
(0,4,5,7) : 46
(0,3,4,7) : 19
(0,2,4,6) : 21
(0,2,3,7) : 51
(2,3,4,6) : 5
(0,9,3,4) : 20
(8,3,5,6) : 8
(0,2,3,6) : 11
(8,9,3,5) : 4
(2,4,6,7) : 4
(0,3,5,6) : 84
(9,2,3,7) : 15
(0,3,6,7) : 6
(0,8,3,4) : 13
(2,4,5,6) : 6
(2,3,5,6) : 4
(0,4,6,7) : 10
(3,4,5,6) : 13
(0,2,4,7) : 48
(8,0,4,5) : 17
(0,2,6,7) : 77
(0,3,4,6) : 41
(0,8,4,5) : 37
(0,9,4,7) : 14
(8,2,3,6) : 3
(9,3,4,7) : 6
(8,2,4,7) : 10
(3,4,6,7) : 3
(2,3,4,5) : 7
(0,2,5,7) : 240
(0,9,2,5) : 66
(0,2,3,4) : 33
(0,9,2,8) : 16
(8,0,3,7) : 2
(0,1,2,5) : 3
(0,3,5,7) : 26
(9,2,4,6) : 1
(3,4,5,7) : 4
(2,3,5,7) : 22
(9,3,4,5) : 5
(8,2,3,4) : 7
(0,8,3,9) : 2
(0,9,2,3) : 14
(0,9,3,6) : 7
(8,9,6,7) : 2
(9,2,4,7) : 15
(0,9,2,7) : 103
(8,9,2,5) : 5
(0,9,4,8) : 7
(2,5,6,7) : 30
(9,2,4,5) : 7
(8,9,2,4) : 2
(0,8,2,3) : 14
(8,0,4,6) : 3
(0,9,4,6) : 7
(0,9,5,7) : 48
(8,4,5,7) : 3
(8,3,4,6) : 5
(0,8,3,5) : 12
(9,4,5,7) : 6
(8,9,4,0) : 2
(0,8,4,6) : 20
(2,3,6,7) : 6
(1,2,4,7) : 2
(4,5,6,7) : 7
(0,1,3,7) : 1
(0,8,3,7) : 2
(8,0,2,5) : 34
(0,1,4,5) : 1
(8,2,3,5) : 2
(9,2,3,5) : 2
(0,1,2,3) : 5
(0,8,2,4) : 19
(0,9,2,4) : 19
(0,2,5,6) : 130
(8,2,3,7) : 12
(8,9,3,4) : 4
(8,2,4,6) : 4
(0,9,3,7) : 8
(8,9,4,5) : 4
(8,5,6,7) : 8
(8,2,4,5) : 9
(0,1,2,7) : 7
(8,0,3,5) : 12
(8,0,5,7) : 16
(9,4,5,6) : 6
(8,9,3,0) : 1
(0,8,2,5) : 33
(0,9,4,5) : 30
(0,8,4,9) : 3
(8,0,3,6) : 5
(0,8,2,7) : 46
(9,3,5,7) : 6
(8,0,2,3) : 4
(0,9,5,6) : 28
(0,9,3,5) : 12
(9,2,5,7) : 27
(0,8,4,7) : 6
(8,3,4,5) : 8
(8,9,2,3) : 4
(0,9,3,8) : 4
(0,1,5,6) : 5
(1,5,9,7) : 1
(8,0,3,4) : 3
(0,9,8,7) : 6
(0,1,2,8) : 1
(0,8,5,7) : 27
(0,1,3,5) : 2
(0,1,2,4) : 1
(3,5,6,7) : 1
(0,8,9,7) : 1
(8,0,9,7) : 1
(0,1,9,8) : 2
(0,5,6,7) : 52
(0,9,5,8) : 16
(8,0,5,6) : 29
(8,0,2,9) : 3
(8,9,1,7) : 1
(0,8,5,6) : 54
(0,1,3,4) : 1
(0,8,3,6) : 9
(1,2,3,5) : 1
(8,0,2,7) : 14
(8,9,5,6) : 4
(9,5,6,7) : 9
(0,8,2,6) : 15
(8,2,5,6) : 9
(0,9,2,6) : 23
(8,1,6,7) : 2
(8,0,2,6) : 4
(8,2,5,7) : 16
(8,9,0,7) : 3
(0,8,6,7) : 10
(1,2,5,6) : 1
(0,8,5,9) : 4
(1,2,3,7) : 1
(0,9,6,7) : 14
(8,2,6,7) : 10
(8,0,6,7) : 3
(8,9,5,0) : 9
(9,2,6,7) : 10
(1,2,5,7) : 2
(1,2,5,9) : 1
(0,1,4,6) : 2
(8,9,5,7) : 5
(0,1,9,7) : 1
(0,8,2,9) : 2
(9,2,5,6) : 4
(8,9,2,0) : 2
(1,4,5,9) : 1
(8,4,5,6) : 9
(8,9,2,7) : 21
(0,9,8,6) : 3
(8,0,4,9) : 1
(9,3,4,6) : 1
(0,1,8,7) : 1
(8,9,2,6) : 4
(8,0,6,9) : 1
(8,3,4,7) : 2
(0,1,4,8) : 2
(8,0,9,6) : 2
(0,1,3,6) : 1
(9,3,5,6) : 2
(0,9,6,8) : 2
(9,4,6,7) : 1
(9,2,3,6) : 1
(0,1,3,8) : 1
(8,0,5,9) : 1
(8,9,0,6) : 1
(8,9,3,7) : 2
(8,4,6,7) : 1
(0,1,4,9) : 1
(8,9,6,0) : 1
(0,1,5,7) : 5
(0,1,4,7) : 3
(8,1,3,0) : 1
(0,1,5,8) : 1
(1,3,5,6) : 1
(0,1,5,9) : 1
(8,9,4,6) : 2
(0,8,9,6) : 1
(8,1,3,4) : 1
(8,3,5,7) : 3
(8,9,3,6) : 1
(8,1,9,6) : 1
(1,4,5,6) : 1
(8,0,3,9) : 1
(8,1,5,6) : 1
(1,4,5,7) : 1
