0, 1, 2, 3, 4, 5, 6
A,B,C,D,E,F,G
H,I,J,K,L,M,N,O,P,Q,R,S,T,U,V,W,X,Y,Z,-+-+-+-+-
(0,2,3,5) : 97
(0,2,4,5) : 154
(0,3,4,5) : 136
(0,4,5,6) : 171
(0,2,3,4) : 60
(0,2,4,6) : 36
(2,3,4,6) : 5
(0,2,3,6) : 21
(0,3,5,6) : 106
(0,3,4,6) : 48
(2,4,5,6) : 12
(2,3,5,6) : 10
(3,4,5,6) : 20
(2,3,4,5) : 14
(0,1,2,5) : 7
(0,2,5,6) : 300
(0,1,4,5) : 1
(0,1,2,3) : 6
(0,1,5,6) : 7
(0,1,3,5) : 2
(0,1,2,4) : 4
(0,1,3,4) : 3
(1,2,3,5) : 3
(0,1,2,6) : 3
(1,2,5,6) : 1
(0,1,4,6) : 2
(1,4,5,6) : 2
(0,1,3,6) : 1
(1,3,5,6) : 1
(1,2,4,5) : 1
