0, 1, 2, 3, 4, 5, 6, 7
A,B,C,D,E,F,G,H
I,J,K,L,M,N,O,P,Q,R,S,T,U,V,W,X,Y,Z,-+-+-+-+-
(3) : 2570
(0,3,7) : 38
(4) : 1503
(2,3) : 76
(0,3,4) : 128
(1) : 329
(0,2,4) : 80
(0,2,3,5) : 25
(3,4) : 351
(0,3) : 257
(0,2,3) : 63
(0,2,5) : 88
(0,5,6) : 88
(3,6,7) : 3
(0,2,4,5) : 33
(0,4,5) : 122
(2,4,7) : 37
(2,4,5,7) : 17
(2,4) : 93
(0,3,4,5) : 64
(0,4,5,6) : 49
(0,4,6) : 52
(3,4,5) : 21
(5,6) : 49
(0,2,3,4) : 17
(0,4) : 331
(2,3,7) : 39
(2,3,4,7) : 15
(4,5) : 56
(3,5,6) : 19
(0,4,5,7) : 28
(4,6) : 45
(1,2,7) : 2
(1,3) : 35
(0,3,4,7) : 13
(3,4,7) : 20
(2,5,6) : 5
(4,7) : 43
(0,2,4,6) : 7
(0,2,3,7) : 29
(3,6) : 31
(2,3,4,6) : 1
(0,3,6) : 31
(2,4,5) : 11
(1,2) : 13
(3,4,6) : 13
(0,2,3,6) : 4
(1,7) : 12
(2,4,6,7) : 3
(0,3,5,6) : 28
(0,3,5) : 82
(3,5) : 34
(0,3,6,7) : 4
(0,3,4,6) : 15
(2,4,5,6) : 4
(2,3,5,6) : 3
(0,1,2) : 8
(1,4) : 21
(4,5,6) : 11
(0,4,6,7) : 6
(2,3,4) : 37
(2,7) : 1
(3,4,5,6) : 8
(0,2,4,7) : 22
(3,7) : 50
(0,2,6,7) : 13
(2,3,5) : 9
(0,4,7) : 29
(2,3,6) : 5
(3,4,6,7) : 1
(2,3,4,5) : 6
(0,2,5,7) : 64
(0,1,5) : 12
(0,1,2,5) : 1
(0,3,5,7) : 12
(1,3,5) : 3
(0,5) : 289
(2,4,6) : 4
(0,2) : 155
(3,4,5,7) : 5
(1,5) : 7
(1,6) : 5
(2,3,5,7) : 7
(0,2,7) : 56
(0,5,7) : 23
(3,5,7) : 4
(2,5,6,7) : 3
(0,1,3) : 4
(4,5,6,7) : 4
(4,6,7) : 1
(2,3,6,7) : 2
(1,2,4,7) : 1
(4,5,7) : 4
(0,1,3,7) : 1
(0,1,4,5) : 1
(0,1,2,3) : 1
(0,6) : 121
(2,5,7) : 11
(1,2,3) : 4
(0,2,5,6) : 22
(1,4,6) : 3
(0,1) : 33
(0,1,6) : 2
(1,4,5) : 1
(0,1,2,7) : 2
(0,5,6,7) : 12
(0,7) : 65
(0,1,4) : 8
(5,7) : 7
(5,6,7) : 3
(2,5) : 14
(1,3,7) : 2
(0,1,5,6) : 1
(1,2,5) : 4
(0,1,5,7) : 1
(0,1,7) : 2
(0) : 1283
(0,1,3,5) : 1
(0,6,7) : 12
(0,1,2,4) : 1
(0,2,6) : 19
(1,2,4) : 1
(3,5,6,7) : 1
(5) : 138
(0,1,3,4) : 1
(6) : 173
(6,7) : 8
(1,2,3,5) : 1
(1,5,7) : 4
(2,6) : 10
(2,6,7) : 1
(1,6,7) : 1
(1,3,4) : 1
(1,2,5,6) : 1
