0, 1, 2, 3, 4, 5, 6, 7
A,B,C,D,E,F,G,H
I,J,K,L,M,N,O,P,Q,R,S,T,U,V,W,X,Y,Z,-+-+-+-+-
(3) : 4839
(0,3,7) : 55
(4) : 2921
(2,3) : 135
(0,3,4) : 251
(1) : 890
(0,2,4) : 155
(0,2,3,5) : 55
(3,4) : 672
(0,3) : 636
(0,2,3) : 112
(0,2,5) : 312
(0,5,6) : 693
(3,6,7) : 7
(0,2,4,5) : 86
(0,4,5) : 266
(2,4,7) : 67
(2,4,5,7) : 24
(2,4) : 162
(0,3,4,5) : 113
(0,4,5,6) : 144
(0,4,6) : 168
(3,4,5) : 44
(5,6) : 289
(0,2,3,4) : 32
(0,4) : 790
(2,3,7) : 70
(2,3,4,7) : 24
(4,5) : 150
(3,5,6) : 41
(0,4,5,7) : 56
(4,6) : 170
(1,2,7) : 13
(1,3) : 69
(0,3,4,7) : 21
(3,4,7) : 40
(2,5,6) : 28
(4,7) : 95
(0,2,4,6) : 19
(0,2,3,7) : 50
(3,6) : 144
(2,3,4,6) : 5
(0,3,6) : 124
(2,4,5) : 20
(1,2) : 39
(3,4,6) : 40
(0,2,3,6) : 12
(1,7) : 34
(2,4,6,7) : 5
(0,3,5,6) : 94
(0,3,5) : 198
(3,5) : 110
(0,3,6,7) : 8
(0,3,4,6) : 42
(2,4,5,6) : 7
(2,3,5,6) : 4
(0,1,2) : 16
(1,4) : 45
(4,5,6) : 43
(0,4,6,7) : 15
(2,3,4) : 52
(2,7) : 6
(3,4,5,6) : 15
(0,2,4,7) : 51
(3,7) : 105
(0,2,6,7) : 97
(2,3,5) : 13
(0,4,7) : 62
(2,3,6) : 9
(3,4,6,7) : 3
(2,3,4,5) : 8
(0,2,5,7) : 266
(0,1,5) : 31
(0,1,2,5) : 3
(0,3,5,7) : 37
(1,3,5) : 5
(0,5) : 1409
(2,4,6) : 11
(0,2) : 688
(3,4,5,7) : 5
(1,5) : 33
(1,6) : 16
(2,3,5,7) : 19
(0,2,7) : 319
(0,5,7) : 146
(3,5,7) : 8
(2,5,6,7) : 29
(0,1,3) : 14
(4,5,6,7) : 7
(4,6,7) : 13
(2,3,6,7) : 5
(1,2,4,7) : 2
(4,5,7) : 13
(0,1,3,7) : 1
(0,1,4,5) : 1
(0,1,2,3) : 5
(0,6) : 947
(2,5,7) : 58
(1,2,3) : 4
(0,2,5,6) : 146
(1,4,6) : 4
(0,1) : 105
(0,1,6) : 9
(1,4,5) : 2
(0,1,2,7) : 7
(0,5,6,7) : 69
(0,7) : 307
(0,1,4) : 22
(5,7) : 58
(5,6,7) : 15
(2,5) : 82
(1,3,7) : 2
(0,1,5,6) : 5
(1,2,5) : 7
(0,1,5,7) : 4
(0,1,7) : 16
(0) : 5894
(0,1,3,5) : 2
(0,6,7) : 54
(0,1,2,4) : 2
(0,2,6) : 150
(1,2,4) : 4
(3,5,6,7) : 2
(5) : 1097
(0,1,3,4) : 2
(6) : 1459
(6,7) : 52
(1,2,3,5) : 2
(1,5,7) : 9
(2,6) : 72
(2,6,7) : 30
(1,6,7) : 2
(1,3,4) : 7
(1,2,5,6) : 1
(1,2,3,7) : 1
(1,5,6) : 3
(1,2,5,7) : 2
(0,1,4,6) : 2
(0,1,6,7) : 1
(1,4,5,6) : 1
(0,1,3,6) : 1
(1,4,7) : 1
(0,1,4,7) : 1
(1,3,5,6) : 1
