0, 1, 2, 3, 4, 5, 6, 7
A,B,C,D,E,F,G,H
I,J,K,L,M,N,O,P,Q,R,S,T,U,V,W,X,Y,Z,-+-+-+-+-
(3) : 1785
(0,3,7) : 29
(4) : 1086
(2,3) : 60
(0,3,4) : 80
(1) : 192
(0,2,4) : 52
(0,2,3,5) : 20
(3,4) : 262
(0,3) : 146
(0,2,3) : 41
(0,2,5) : 9
(0,5,6) : 6
(3,6,7) : 3
(0,2,4,5) : 23
(0,4,5) : 71
(2,4,7) : 30
(2,4,5,7) : 13
(2,4) : 74
(0,3,4,5) : 44
(0,4,5,6) : 32
(0,4,6) : 34
(3,4,5) : 16
(5,6) : 1
(0,2,3,4) : 14
(0,4) : 194
(2,3,7) : 32
(2,3,4,7) : 15
(4,5) : 35
(3,5,6) : 13
(0,4,5,7) : 17
(4,6) : 27
(1,2,7) : 2
(1,3) : 28
(0,3,4,7) : 6
(3,4,7) : 16
(2,5,6) : 1
(4,7) : 32
(0,2,4,6) : 6
(0,2,3,7) : 23
(3,6) : 19
(2,3,4,6) : 1
(0,3,6) : 21
(2,4,5) : 6
(1,2) : 5
(3,4,6) : 8
(0,2,3,6) : 3
(1,7) : 8
(2,4,6,7) : 3
(0,3,5,6) : 15
(0,3,5) : 51
(3,5) : 16
(0,3,6,7) : 3
(0,3,4,6) : 10
(2,4,5,6) : 2
(2,3,5,6) : 2
(0,1,2) : 4
(1,4) : 13
(4,5,6) : 8
(0,4,6,7) : 4
(2,3,4) : 29
(2,7) : 1
(3,4,5,6) : 5
(0,2,4,7) : 14
(3,7) : 36
(0,2,6,7) : 4
(2,3,5) : 6
(0,4,7) : 17
(2,3,6) : 4
(3,4,6,7) : 1
(2,3,4,5) : 3
(0,2,5,7) : 10
(0,1,5) : 2
(0,1,2,5) : 1
(0,3,5,7) : 7
(1,3,5) : 2
(0,5) : 8
(2,4,6) : 3
(0,2) : 1
(3,4,5,7) : 4
(1,5) : 4
(1,6) : 2
(2,3,5,7) : 5
(0,2,7) : 1
(0,5,7) : 4
(3,5,7) : 3
(2,5,6,7) : 1
(0,1,3) : 3
(4,5,6,7) : 4
(4,6,7) : 1
(2,3,6,7) : 2
(1,2,4,7) : 1
(4,5,7) : 2
(0,1,3,7) : 1
(0,1,4,5) : 1
(0,1,2,3) : 1
(0,6) : 1
(2,5,7) : 1
(1,2,3) : 3
(0,2,5,6) : 4
(1,4,6) : 1
(0,1) : 6
(0,1,6) : 2
(1,4,5) : 1
(0,1,2,7) : 1
(0,5,6,7) : 1
(0,7) : 2
(0,1,4) : 5
(5,7) : 1
(5,6,7) : 1
(2,5) : 1
(1,3,7) : 1
(0,1,5,6) : 1
(1,2,5) : 1
