0, 1, 2, 3, 4, 5, 6, 7
A,B,C,D,E,F,G,H
I,J,K,L,M,N,O,P,Q,R,S,T,U,V,W,X,Y,Z,-+-+-+-+-
(0,2,3,5) : 62
(0,2,4,5) : 108
(2,4,5,7) : 28
(0,3,4,5) : 123
(0,4,5,6) : 156
(0,2,3,4) : 40
(2,3,4,7) : 27
(0,4,5,7) : 57
(0,3,4,7) : 23
(0,2,4,6) : 22
(0,2,3,7) : 61
(2,3,4,6) : 5
(0,2,3,6) : 14
(2,4,6,7) : 6
(0,3,5,6) : 99
(0,3,6,7) : 9
(0,3,4,6) : 45
(2,4,5,6) : 7
(2,3,5,6) : 5
(0,4,6,7) : 15
(3,4,5,6) : 16
(0,2,4,7) : 65
(0,2,6,7) : 109
(3,4,6,7) : 3
(2,3,4,5) : 9
(0,2,5,7) : 310
(0,1,2,5) : 3
(0,3,5,7) : 42
(3,4,5,7) : 5
(2,3,5,7) : 25
(2,5,6,7) : 37
(4,5,6,7) : 9
(2,3,6,7) : 8
(1,2,4,7) : 2
(0,1,3,7) : 1
(0,1,4,5) : 1
(0,1,2,3) : 5
(0,2,5,6) : 168
(0,1,2,7) : 8
(0,5,6,7) : 78
(0,1,5,6) : 6
(0,1,5,7) : 6
(0,1,3,5) : 2
(0,1,2,4) : 2
(3,5,6,7) : 3
(0,1,3,4) : 2
(1,2,3,5) : 2
(1,2,5,6) : 1
(1,2,3,7) : 1
(1,2,5,7) : 2
(0,1,4,6) : 2
(0,1,6,7) : 1
(1,4,5,6) : 2
(0,1,3,6) : 1
(0,1,4,7) : 3
(1,3,5,6) : 1
(1,4,5,7) : 1
