0, 1, 2, 3, 4, 5, 6, 7, 8, 9, 10, 11, 12, 13, 14
A,B,C,D,E,F,G,H,I,J,K,L,M,N,O
-+-+-+-+-
(2,11) : 7
(1) : 4
(9) : 2
(2,4) : 2
(1,8) : 2
(14,2) : 6
(8,12) : 4
(7,0) : 6
(4,10) : 1
(1,6) : 2
(4) : 3
(2,1) : 12
(11,10) : 2
(5,2) : 3
(13,11) : 4
(11,6) : 8
(0,6) : 5
(13,10) : 2
(10,1) : 3
(2,14) : 2
(5,9) : 2
(0,2) : 4
(11,5) : 16
(6,3) : 5
(8,7) : 4
(12,11) : 1
(11,9) : 2
(11,1) : 4
(7,4) : 3
(14) : 4
(1,0) : 9
(2,0) : 4
(8,14) : 2
(7,11) : 4
(0,4) : 4
(12,10) : 1
(7,2) : 8
(1,11) : 1
(3,10) : 3
(7,1) : 1
(4,11) : 4
(9,5) : 5
(5,12) : 16
(11,14) : 8
(2,7) : 9
(4,7) : 2
(14,1) : 7
(3,14) : 3
(1,7) : 1
(7,6) : 6
(13,14) : 1
(1,9) : 2
(5,6) : 6
(8,13) : 1
(0,8) : 4
(0,13) : 1
(5,8) : 1
(0,14) : 6
(5,11) : 2
(2,13) : 3
(4,8) : 3
(11,0) : 13
(0,3) : 6
(4,5) : 2
(14,4) : 3
(0,7) : 2
(6,13) : 5
(6,14) : 3
(6,10) : 2
(9,14) : 1
(0,11) : 2
(6,8) : 4
(3,4) : 3
(11,3) : 6
(6,1) : 1
(9,11) : 2
(7,5) : 8
(1,4) : 1
(6,4) : 4
(6,9) : 3
(7,9) : 1
(11,7) : 9
(5,0) : 2
(3,5) : 1
(13,7) : 4
(9,3) : 3
(2,9) : 2
(11,2) : 8
(5) : 2
(13,2) : 4
(2,6) : 5
(12,7) : 3
(6,7) : 7
(14,7) : 2
(2,3) : 3
(2,10) : 1
(6,12) : 2
(0) : 5
(8,6) : 4
(1,2) : 2
(12,6) : 1
(11) : 9
(5,1) : 4
(12,4) : 2
(9,10) : 1
(3,2) : 4
(6,11) : 8
(3,9) : 2
(4,12) : 2
(13,0) : 1
(4,1) : 2
(8,4) : 3
(14,0) : 4
(0,5) : 2
(13) : 9
(7,8) : 7
(2,8) : 1
(14,13) : 2
(11,8) : 4
(11,13) : 1
(10,11) : 4
(4,6) : 1
(14,9) : 1
(5,3) : 3
(13,12) : 1
(1,12) : 1
(6,0) : 4
(8,9) : 1
(9,12) : 3
(3) : 2
(8,3) : 3
(9,0) : 1
(9,1) : 3
(10,2) : 1
(7,13) : 1
(8,1) : 1
(2) : 1
(7,14) : 1
(10,7) : 2
(10,14) : 2
(13,1) : 2
(8) : 1
(13,4) : 1
(0,10) : 1
(0,12) : 1
(3,7) : 2
(14,11) : 1
(10) : 1
(6,2) : 3
(5,14) : 1
(6) : 1
(12,5) : 1
(3,13) : 1
(0,1) : 3
(1,14) : 2
(8,11) : 1
(12) : 2
(14,3) : 1
(9,2) : 1
(13,8) : 1
(7,10) : 1
(2,5) : 1
(14,8) : 1
(11,4) : 1
(13,5) : 1
(3,6) : 1
(9,7) : 1
(10,0) : 2
(0,9) : 2
(4,0) : 2
(9,13) : 1
(14,6) : 1
(8,2) : 1
(5,4) : 2
(3,1) : 1
(7,3) : 1
(14,5) : 2
(6,5) : 2
(4,13) : 1
(4,14) : 1
(12,14) : 1
(4,2) : 1
(13,3) : 1
