0, 1, 2, 3, 4, 5, 6, 7, 8, 9, 10, 11
A,B,C,D,E,F,G,H,I,J,K,L
-+-+-+-+-
(2,11) : 8
(1) : 5
(9) : 2
(2,4) : 3
(1,8) : 2
(2,9) : 4
(8,11) : 2
(7,0) : 6
(4,10) : 2
(1,6) : 3
(4) : 5
(2,1) : 17
(11,10) : 2
(5,2) : 6
(11,7) : 15
(11,6) : 8
(0,6) : 6
(10,11) : 5
(10,1) : 3
(2) : 4
(5,9) : 3
(0,2) : 6
(11,5) : 17
(6,3) : 5
(8,7) : 9
(11) : 11
(11,9) : 2
(11,1) : 5
(7,4) : 4
(1,0) : 11
(2,0) : 6
(8,5) : 1
(7,11) : 5
(0,4) : 6
(10,7) : 3
(7,2) : 9
(1,11) : 2
(3,10) : 4
(7,1) : 2
(4,11) : 4
(9,5) : 6
(5,10) : 1
(2,7) : 9
(4,7) : 2
(1,9) : 4
(3,1) : 2
(1,7) : 3
(7,6) : 7
(5,11) : 4
(5,6) : 9
(8,2) : 2
(0,8) : 4
(0,1) : 5
(5,8) : 1
(0,7) : 4
(4,8) : 3
(11,0) : 14
(5,4) : 9
(0,3) : 6
(4,5) : 3
(4,1) : 4
(6,7) : 14
(6,5) : 4
(6,10) : 2
(9,1) : 4
(0,11) : 2
(6,8) : 6
(3,4) : 3
(11,3) : 7
(10) : 2
(6,1) : 1
(9,11) : 3
(7,5) : 11
(1,4) : 1
(6,4) : 4
(6,9) : 3
(7,9) : 3
(5,0) : 3
(3,5) : 2
(9,3) : 4
(11,2) : 11
(5) : 2
(2,6) : 5
(2,3) : 3
(2,10) : 2
(0) : 6
(8,6) : 4
(1,2) : 2
(5,1) : 8
(9,10) : 3
(3,2) : 6
(6,11) : 8
(3,9) : 2
(8,4) : 3
(0,5) : 4
(7,8) : 8
(2,8) : 1
(11,8) : 4
(4,6) : 1
(5,3) : 4
(1,5) : 1
(6,0) : 4
(8,9) : 1
(3) : 2
(8,3) : 3
(9,0) : 1
(10,2) : 3
(8,1) : 1
(2,5) : 2
(8) : 1
(0,10) : 1
(4,2) : 3
(1,3) : 1
(3,7) : 2
(6,2) : 4
(6) : 1
(3,11) : 1
(9,2) : 1
(7,10) : 1
(11,4) : 1
(4,0) : 4
(3,6) : 1
(9,7) : 1
(1,10) : 1
(10,0) : 2
(0,9) : 3
(7,3) : 2
(8,0) : 1
